# Rate coefficients (m3/s)
# C1    H2    Momentum                                            
# C2    H2    Excitation    0.04 eV                               
# C3    H2    Excitation    0.07 eV                               
# C4    H2    Excitation    0.52 eV                               
# C5    H2    Excitation    1.00 eV                               
# C6    H2    Excitation    1.50 eV                               
# C7    H2    Excitation    8.90 eV                               
# C8    H2    Excitation    11.30 eV                              
# C9    H2    Excitation    11.75 eV                              
# C10   H2    Excitation    11.80 eV                              
# C11   H2    Excitation    12.40 eV                              
# C12   H2    Excitation    14.00 eV                              
# C13   H2    Excitation    15.00 eV                              
# C14   H2    Excitation    15.20 eV                              
# C15   H2    Ionization    15.40 eV                              
# C16   H2    Excitation    16.60 eV                              
# C17   He    Momentum                                            
# C18   He    Excitation    19.80 eV                              
# C19   He    Ionization    24.58 eV                              
#           R#    E/N (Td) Energy (eV)      C1          C2          C3          C4          C5          C6          C7          C8          C9         C10         C11         C12         C13         C14         C15         C16         C17         C18         C19    
           1   1.000      0.8395E-01  0.1670E-13  0.1071E-15  0.4194E-16  0.5186E-23   0.000       0.000       0.000       0.000       0.000       0.000       0.000       0.000       0.000       0.000       0.000       0.000      0.9432E-14   0.000       0.000    
           2   11.09      0.5795      0.6649E-13  0.1709E-14  0.9856E-15  0.1504E-15  0.6428E-18  0.9284E-19   0.000       0.000       0.000       0.000       0.000       0.000       0.000       0.000       0.000       0.000      0.2851E-13   0.000       0.000    
           3   21.18      0.9016      0.8927E-13  0.3531E-14  0.2034E-14  0.6176E-15  0.1336E-16  0.1848E-17  0.8747E-22  0.2616E-23  0.1780E-23  0.7314E-24  0.1687E-24  0.3833E-26  0.2023E-31  0.3164E-28  0.5901E-27  0.1000E-29  0.3634E-13   0.000       0.000    
           4   31.27       1.251      0.1060E-12  0.5746E-14  0.3337E-14  0.1293E-14  0.5067E-16  0.6030E-17  0.3187E-18  0.2328E-19  0.1955E-19  0.9804E-20  0.3697E-20  0.2034E-21  0.2976E-23  0.9628E-23  0.9194E-22  0.8856E-24  0.4288E-13  0.2003E-24   0.000    
           5   41.36       1.759      0.1195E-12  0.8448E-14  0.4961E-14  0.2024E-14  0.1090E-15  0.1203E-16  0.8987E-17  0.1007E-17  0.9209E-18  0.5087E-18  0.2553E-18  0.2081E-19  0.8840E-21  0.2155E-20  0.1646E-19  0.2157E-21  0.4975E-13  0.1323E-21  0.2482E-25
           6   51.45       2.375      0.1286E-12  0.1099E-13  0.6503E-14  0.2579E-14  0.1653E-15  0.1757E-16  0.4492E-16  0.6560E-17  0.6209E-17  0.3617E-17  0.2210E-17  0.2210E-18  0.1820E-19  0.3821E-19  0.2546E-18  0.3876E-20  0.5607E-13  0.4218E-20  0.2920E-23
           7   61.55       2.944      0.1337E-12  0.1287E-13  0.7658E-14  0.2907E-14  0.2054E-15  0.2136E-16  0.1101E-15  0.1944E-16  0.1854E-16  0.1116E-16  0.7923E-17  0.8892E-18  0.1158E-18  0.2233E-18  0.1357E-17  0.2228E-19  0.6082E-13  0.3574E-19  0.6583E-22
           8   71.64       3.420      0.1363E-12  0.1418E-13  0.8462E-14  0.3081E-14  0.2311E-15  0.2370E-16  0.1949E-15  0.3983E-16  0.3771E-16  0.2319E-16  0.1860E-16  0.2233E-17  0.4096E-18  0.7504E-18  0.4265E-17  0.7271E-19  0.6418E-13  0.1551E-18  0.6249E-21
           9   81.73       3.818      0.1376E-12  0.1511E-13  0.9031E-14  0.3170E-14  0.2475E-15  0.2512E-16  0.2913E-15  0.6715E-16  0.6249E-16  0.3901E-16  0.3471E-16  0.4332E-17  0.1039E-17  0.1846E-17  0.9970E-17  0.1726E-18  0.6659E-13  0.4593E-18  0.3514E-20
          10   91.82       4.161      0.1382E-12  0.1579E-13  0.9451E-14  0.3211E-14  0.2579E-15  0.2598E-16  0.3949E-15  0.1008E-15  0.9167E-16  0.5788E-16  0.5636E-16  0.7181E-17  0.2144E-17  0.3738E-17  0.1939E-16  0.3366E-18  0.6837E-13  0.1070E-17  0.1393E-19
          11   101.9       4.468      0.1384E-12  0.1631E-13  0.9772E-14  0.3224E-14  0.2646E-15  0.2649E-16  0.5032E-15  0.1406E-15  0.1243E-15  0.7920E-16  0.8359E-16  0.1074E-16  0.3853E-17  0.6648E-17  0.3337E-16  0.5761E-18  0.6975E-13  0.2121E-17  0.4314E-19
          12   112.0       4.748      0.1383E-12  0.1672E-13  0.1003E-13  0.3220E-14  0.2688E-15  0.2677E-16  0.6145E-15  0.1861E-15  0.1596E-15  0.1024E-15  0.1163E-15  0.1495E-16  0.6274E-17  0.1077E-16  0.5259E-16  0.8984E-18  0.7085E-13  0.3745E-17  0.1112E-18
          13   122.1       5.012      0.1381E-12  0.1706E-13  0.1024E-13  0.3205E-14  0.2712E-15  0.2689E-16  0.7280E-15  0.2371E-15  0.1969E-15  0.1271E-15  0.1543E-15  0.1973E-16  0.9507E-17  0.1628E-16  0.7771E-16  0.1310E-17  0.7174E-13  0.6075E-17  0.2493E-18
          14   132.2       5.264      0.1378E-12  0.1734E-13  0.1041E-13  0.3183E-14  0.2724E-15  0.2690E-16  0.8425E-15  0.2935E-15  0.2357E-15  0.1529E-15  0.1976E-15  0.2502E-16  0.1363E-16  0.2334E-16  0.1092E-15  0.1813E-17  0.7248E-13  0.9225E-17  0.5011E-18
          15   142.3       5.508      0.1374E-12  0.1757E-13  0.1056E-13  0.3156E-14  0.2727E-15  0.2683E-16  0.9576E-15  0.3551E-15  0.2755E-15  0.1796E-15  0.2460E-15  0.3073E-16  0.1869E-16  0.3207E-16  0.1475E-15  0.2408E-17  0.7311E-13  0.1330E-16  0.9228E-18
          16   152.4       5.747      0.1369E-12  0.1778E-13  0.1068E-13  0.3125E-14  0.2722E-15  0.2670E-16  0.1073E-14  0.4218E-15  0.3160E-15  0.2068E-15  0.2992E-15  0.3682E-16  0.2476E-16  0.4259E-16  0.1930E-15  0.3098E-17  0.7364E-13  0.1839E-16  0.1583E-17
          17   162.5       5.984      0.1365E-12  0.1796E-13  0.1079E-13  0.3092E-14  0.2712E-15  0.2652E-16  0.1188E-14  0.4934E-15  0.3569E-15  0.2344E-15  0.3573E-15  0.4322E-16  0.3187E-16  0.5500E-16  0.2460E-15  0.3882E-17  0.7410E-13  0.2457E-16  0.2562E-17
          18   172.5       6.218      0.1360E-12  0.1811E-13  0.1089E-13  0.3057E-14  0.2698E-15  0.2631E-16  0.1302E-14  0.5698E-15  0.3979E-15  0.2623E-15  0.4199E-15  0.4986E-16  0.4004E-16  0.6937E-16  0.3067E-15  0.4757E-17  0.7449E-13  0.3190E-16  0.3948E-17
          19   182.6       6.451      0.1355E-12  0.1825E-13  0.1098E-13  0.3021E-14  0.2680E-15  0.2607E-16  0.1415E-14  0.6508E-15  0.4388E-15  0.2902E-15  0.4869E-15  0.5670E-16  0.4931E-16  0.8574E-16  0.3751E-15  0.5722E-17  0.7483E-13  0.4042E-16  0.5835E-17
          20   192.7       6.685      0.1350E-12  0.1837E-13  0.1105E-13  0.2983E-14  0.2659E-15  0.2580E-16  0.1527E-14  0.7364E-15  0.4796E-15  0.3181E-15  0.5583E-15  0.6371E-16  0.5968E-16  0.1042E-15  0.4516E-15  0.6777E-17  0.7511E-13  0.5018E-16  0.8328E-17
          21   202.8       6.920      0.1345E-12  0.1848E-13  0.1112E-13  0.2945E-14  0.2636E-15  0.2551E-16  0.1637E-14  0.8264E-15  0.5200E-15  0.3458E-15  0.6339E-15  0.7084E-16  0.7118E-16  0.1247E-15  0.5362E-15  0.7920E-17  0.7536E-13  0.6120E-16  0.1153E-16
          22   212.9       7.156      0.1340E-12  0.1858E-13  0.1118E-13  0.2907E-14  0.2611E-15  0.2522E-16  0.1745E-14  0.9201E-15  0.5596E-15  0.3731E-15  0.7129E-15  0.7800E-16  0.8373E-16  0.1473E-15  0.6285E-15  0.9141E-17  0.7557E-13  0.7344E-16  0.1554E-16
          23   223.0       7.393      0.1335E-12  0.1867E-13  0.1124E-13  0.2868E-14  0.2584E-15  0.2490E-16  0.1852E-14  0.1018E-14  0.5986E-15  0.4002E-15  0.7957E-15  0.8521E-16  0.9741E-16  0.1720E-15  0.7290E-15  0.1044E-16  0.7575E-13  0.8696E-16  0.2046E-16
          24   233.1       7.633      0.1330E-12  0.1874E-13  0.1128E-13  0.2830E-14  0.2556E-15  0.2458E-16  0.1956E-14  0.1120E-14  0.6370E-15  0.4269E-15  0.8822E-15  0.9244E-16  0.1122E-15  0.1987E-15  0.8374E-15  0.1183E-16  0.7590E-13  0.1017E-15  0.2640E-16
          25   243.2       7.875      0.1325E-12  0.1881E-13  0.1133E-13  0.2791E-14  0.2527E-15  0.2426E-16  0.2058E-14  0.1225E-14  0.6743E-15  0.4530E-15  0.9718E-15  0.9963E-16  0.1280E-15  0.2276E-15  0.9538E-15  0.1329E-16  0.7602E-13  0.1177E-15  0.3346E-16
          26   253.3       8.118      0.1320E-12  0.1887E-13  0.1137E-13  0.2753E-14  0.2497E-15  0.2393E-16  0.2156E-14  0.1333E-14  0.7106E-15  0.4784E-15  0.1064E-14  0.1068E-15  0.1449E-15  0.2584E-15  0.1078E-14  0.1482E-16  0.7611E-13  0.1350E-15  0.4175E-16
          27   263.4       8.364      0.1315E-12  0.1893E-13  0.1140E-13  0.2714E-14  0.2466E-15  0.2359E-16  0.2253E-14  0.1445E-14  0.7462E-15  0.5035E-15  0.1160E-14  0.1138E-15  0.1628E-15  0.2912E-15  0.1209E-14  0.1641E-16  0.7618E-13  0.1533E-15  0.5130E-16
          28   273.5       8.613      0.1311E-12  0.1897E-13  0.1143E-13  0.2676E-14  0.2435E-15  0.2325E-16  0.2347E-14  0.1560E-14  0.7806E-15  0.5278E-15  0.1258E-14  0.1208E-15  0.1818E-15  0.3260E-15  0.1348E-14  0.1808E-16  0.7623E-13  0.1729E-15  0.6222E-16
          29   283.5       8.866      0.1306E-12  0.1902E-13  0.1146E-13  0.2638E-14  0.2403E-15  0.2291E-16  0.2439E-14  0.1678E-14  0.8145E-15  0.5519E-15  0.1360E-14  0.1278E-15  0.2018E-15  0.3628E-15  0.1495E-14  0.1982E-16  0.7626E-13  0.1936E-15  0.7461E-16
          30   293.6       9.118      0.1302E-12  0.1905E-13  0.1148E-13  0.2601E-14  0.2371E-15  0.2257E-16  0.2526E-14  0.1797E-14  0.8462E-15  0.5746E-15  0.1462E-14  0.1345E-15  0.2225E-15  0.4011E-15  0.1647E-14  0.2160E-16  0.7627E-13  0.2152E-15  0.8844E-16
          31   303.7       9.374      0.1297E-12  0.1908E-13  0.1150E-13  0.2564E-14  0.2338E-15  0.2223E-16  0.2612E-14  0.1920E-14  0.8775E-15  0.5970E-15  0.1568E-14  0.1411E-15  0.2443E-15  0.4413E-15  0.1807E-14  0.2345E-16  0.7626E-13  0.2380E-15  0.1038E-15
          32   313.8       9.636      0.1293E-12  0.1911E-13  0.1152E-13  0.2527E-14  0.2305E-15  0.2188E-16  0.2695E-14  0.2046E-14  0.9081E-15  0.6190E-15  0.1677E-14  0.1477E-15  0.2671E-15  0.4837E-15  0.1975E-14  0.2537E-16  0.7624E-13  0.2619E-15  0.1210E-15
          33   323.9       9.895      0.1289E-12  0.1913E-13  0.1153E-13  0.2491E-14  0.2274E-15  0.2155E-16  0.2773E-14  0.2171E-14  0.9366E-15  0.6396E-15  0.1785E-14  0.1539E-15  0.2905E-15  0.5270E-15  0.2147E-14  0.2731E-16  0.7621E-13  0.2864E-15  0.1396E-15
          34   334.0       10.16      0.1285E-12  0.1915E-13  0.1154E-13  0.2456E-14  0.2241E-15  0.2121E-16  0.2850E-14  0.2300E-14  0.9644E-15  0.6598E-15  0.1896E-14  0.1601E-15  0.3149E-15  0.5723E-15  0.2327E-14  0.2932E-16  0.7616E-13  0.3121E-15  0.1600E-15
          35   344.1       10.43      0.1281E-12  0.1917E-13  0.1155E-13  0.2420E-14  0.2208E-15  0.2087E-16  0.2925E-14  0.2432E-14  0.9917E-15  0.6797E-15  0.2010E-14  0.1662E-15  0.3401E-15  0.6192E-15  0.2512E-14  0.3138E-16  0.7609E-13  0.3386E-15  0.1822E-15
          36   354.2       10.70      0.1277E-12  0.1918E-13  0.1156E-13  0.2386E-14  0.2176E-15  0.2054E-16  0.2995E-14  0.2564E-14  0.1017E-14  0.6983E-15  0.2124E-14  0.1720E-15  0.3660E-15  0.6675E-15  0.2703E-14  0.3348E-16  0.7602E-13  0.3659E-15  0.2061E-15
          37   364.3       10.97      0.1273E-12  0.1918E-13  0.1156E-13  0.2352E-14  0.2144E-15  0.2022E-16  0.3062E-14  0.2696E-14  0.1041E-14  0.7161E-15  0.2238E-14  0.1776E-15  0.3925E-15  0.7168E-15  0.2898E-14  0.3561E-16  0.7593E-13  0.3937E-15  0.2316E-15
          38   374.4       11.25      0.1269E-12  0.1919E-13  0.1157E-13  0.2319E-14  0.2112E-15  0.1989E-16  0.3127E-14  0.2831E-14  0.1065E-14  0.7336E-15  0.2355E-14  0.1831E-15  0.4199E-15  0.7678E-15  0.3100E-14  0.3780E-16  0.7584E-13  0.4225E-15  0.2590E-15
          39   384.5       11.53      0.1266E-12  0.1919E-13  0.1157E-13  0.2285E-14  0.2080E-15  0.1956E-16  0.3191E-14  0.2969E-14  0.1088E-14  0.7504E-15  0.2474E-14  0.1885E-15  0.4481E-15  0.8204E-15  0.3308E-14  0.4004E-16  0.7573E-13  0.4522E-15  0.2883E-15
          40   394.5       11.81      0.1262E-12  0.1919E-13  0.1157E-13  0.2253E-14  0.2049E-15  0.1925E-16  0.3249E-14  0.3104E-14  0.1109E-14  0.7662E-15  0.2592E-14  0.1935E-15  0.4765E-15  0.8735E-15  0.3518E-14  0.4228E-16  0.7562E-13  0.4820E-15  0.3192E-15
          41   404.6       12.09      0.1259E-12  0.1919E-13  0.1157E-13  0.2222E-14  0.2018E-15  0.1894E-16  0.3306E-14  0.3242E-14  0.1129E-14  0.7813E-15  0.2712E-14  0.1985E-15  0.5057E-15  0.9280E-15  0.3733E-14  0.4456E-16  0.7550E-13  0.5127E-15  0.3519E-15
          42   414.7       12.38      0.1256E-12  0.1918E-13  0.1157E-13  0.2191E-14  0.1987E-15  0.1863E-16  0.3360E-14  0.3381E-14  0.1148E-14  0.7959E-15  0.2832E-14  0.2032E-15  0.5356E-15  0.9838E-15  0.3954E-14  0.4689E-16  0.7537E-13  0.5440E-15  0.3865E-15
          43   424.8       12.66      0.1253E-12  0.1917E-13  0.1156E-13  0.2160E-14  0.1957E-15  0.1832E-16  0.3411E-14  0.3520E-14  0.1167E-14  0.8098E-15  0.2953E-14  0.2078E-15  0.5658E-15  0.1040E-14  0.4177E-14  0.4924E-16  0.7523E-13  0.5757E-15  0.4227E-15
          44   434.9       12.95      0.1250E-12  0.1916E-13  0.1156E-13  0.2130E-14  0.1927E-15  0.1803E-16  0.3459E-14  0.3659E-14  0.1184E-14  0.8228E-15  0.3073E-14  0.2122E-15  0.5965E-15  0.1097E-14  0.4404E-14  0.5160E-16  0.7509E-13  0.6077E-15  0.4607E-15
          45   445.0       13.25      0.1247E-12  0.1915E-13  0.1155E-13  0.2101E-14  0.1897E-15  0.1773E-16  0.3505E-14  0.3799E-14  0.1200E-14  0.8354E-15  0.3196E-14  0.2164E-15  0.6279E-15  0.1156E-14  0.4636E-14  0.5401E-16  0.7494E-13  0.6405E-15  0.5005E-15
          46   455.1       13.54      0.1245E-12  0.1914E-13  0.1154E-13  0.2072E-14  0.1868E-15  0.1744E-16  0.3549E-14  0.3939E-14  0.1216E-14  0.8473E-15  0.3318E-14  0.2205E-15  0.6597E-15  0.1215E-14  0.4870E-14  0.5644E-16  0.7478E-13  0.6736E-15  0.5419E-15
          47   465.2       13.84      0.1242E-12  0.1912E-13  0.1154E-13  0.2044E-14  0.1839E-15  0.1716E-16  0.3590E-14  0.4079E-14  0.1230E-14  0.8584E-15  0.3439E-14  0.2243E-15  0.6916E-15  0.1275E-14  0.5107E-14  0.5886E-16  0.7462E-13  0.7068E-15  0.5849E-15
          48   475.3       14.14      0.1239E-12  0.1911E-13  0.1153E-13  0.2016E-14  0.1810E-15  0.1687E-16  0.3629E-14  0.4220E-14  0.1244E-14  0.8692E-15  0.3562E-14  0.2281E-15  0.7243E-15  0.1336E-14  0.5348E-14  0.6134E-16  0.7446E-13  0.7407E-15  0.6297E-15
          49   485.4       14.44      0.1237E-12  0.1909E-13  0.1152E-13  0.1989E-14  0.1783E-15  0.1660E-16  0.3665E-14  0.4360E-14  0.1257E-14  0.8792E-15  0.3684E-14  0.2316E-15  0.7571E-15  0.1397E-14  0.5591E-14  0.6381E-16  0.7429E-13  0.7747E-15  0.6760E-15
          50   495.5       14.75      0.1235E-12  0.1907E-13  0.1150E-13  0.1963E-14  0.1755E-15  0.1633E-16  0.3699E-14  0.4500E-14  0.1269E-14  0.8887E-15  0.3807E-14  0.2350E-15  0.7903E-15  0.1459E-14  0.5837E-14  0.6632E-16  0.7412E-13  0.8090E-15  0.7241E-15
          51   505.5       15.05      0.1233E-12  0.1905E-13  0.1149E-13  0.1937E-14  0.1728E-15  0.1607E-16  0.3731E-14  0.4639E-14  0.1280E-14  0.8975E-15  0.3928E-14  0.2381E-15  0.8236E-15  0.1521E-14  0.6083E-14  0.6880E-16  0.7394E-13  0.8433E-15  0.7733E-15
          52   515.6       15.36      0.1231E-12  0.1903E-13  0.1148E-13  0.1911E-14  0.1702E-15  0.1581E-16  0.3761E-14  0.4779E-14  0.1290E-14  0.9058E-15  0.4051E-14  0.2412E-15  0.8573E-15  0.1583E-14  0.6333E-14  0.7132E-16  0.7377E-13  0.8781E-15  0.8243E-15
          53   525.7       15.68      0.1228E-12  0.1901E-13  0.1147E-13  0.1886E-14  0.1675E-15  0.1555E-16  0.3790E-14  0.4919E-14  0.1300E-14  0.9138E-15  0.4174E-14  0.2441E-15  0.8916E-15  0.1647E-14  0.6587E-14  0.7387E-16  0.7358E-13  0.9133E-15  0.8770E-15
          54   535.8       15.99      0.1227E-12  0.1898E-13  0.1145E-13  0.1862E-14  0.1649E-15  0.1529E-16  0.3817E-14  0.5059E-14  0.1310E-14  0.9214E-15  0.4297E-14  0.2469E-15  0.9260E-15  0.1711E-14  0.6842E-14  0.7643E-16  0.7340E-13  0.9486E-15  0.9311E-15
          55   545.9       16.31      0.1225E-12  0.1896E-13  0.1144E-13  0.1838E-14  0.1624E-15  0.1505E-16  0.3840E-14  0.5196E-14  0.1318E-14  0.9280E-15  0.4417E-14  0.2495E-15  0.9603E-15  0.1775E-14  0.7096E-14  0.7896E-16  0.7321E-13  0.9836E-15  0.9862E-15
          56   556.0       16.62      0.1223E-12  0.1893E-13  0.1142E-13  0.1815E-14  0.1599E-15  0.1481E-16  0.3861E-14  0.5334E-14  0.1325E-14  0.9342E-15  0.4538E-14  0.2519E-15  0.9948E-15  0.1839E-14  0.7352E-14  0.8151E-16  0.7302E-13  0.1019E-14  0.1043E-14
          57   566.1       16.94      0.1221E-12  0.1891E-13  0.1141E-13  0.1792E-14  0.1575E-15  0.1458E-16  0.3882E-14  0.5471E-14  0.1332E-14  0.9399E-15  0.4658E-14  0.2542E-15  0.1030E-14  0.1903E-14  0.7610E-14  0.8407E-16  0.7284E-13  0.1054E-14  0.1101E-14
          58   576.2       17.26      0.1220E-12  0.1888E-13  0.1139E-13  0.1770E-14  0.1551E-15  0.1434E-16  0.3901E-14  0.5607E-14  0.1339E-14  0.9454E-15  0.4778E-14  0.2564E-15  0.1065E-14  0.1968E-14  0.7868E-14  0.8663E-16  0.7265E-13  0.1090E-14  0.1160E-14
          59   586.3       17.59      0.1218E-12  0.1885E-13  0.1138E-13  0.1748E-14  0.1527E-15  0.1411E-16  0.3918E-14  0.5745E-14  0.1345E-14  0.9506E-15  0.4899E-14  0.2585E-15  0.1100E-14  0.2033E-14  0.8131E-14  0.8922E-16  0.7245E-13  0.1126E-14  0.1221E-14
          60   596.4       17.92      0.1217E-12  0.1882E-13  0.1136E-13  0.1726E-14  0.1504E-15  0.1388E-16  0.3935E-14  0.5882E-14  0.1350E-14  0.9554E-15  0.5020E-14  0.2605E-15  0.1135E-14  0.2099E-14  0.8394E-14  0.9182E-16  0.7226E-13  0.1162E-14  0.1283E-14
          61   606.5       18.25      0.1216E-12  0.1880E-13  0.1134E-13  0.1704E-14  0.1480E-15  0.1366E-16  0.3950E-14  0.6018E-14  0.1355E-14  0.9599E-15  0.5141E-14  0.2624E-15  0.1171E-14  0.2165E-14  0.8659E-14  0.9442E-16  0.7206E-13  0.1198E-14  0.1347E-14
          62   616.5       18.58      0.1215E-12  0.1877E-13  0.1133E-13  0.1685E-14  0.1459E-15  0.1345E-16  0.3962E-14  0.6151E-14  0.1359E-14  0.9636E-15  0.5258E-14  0.2640E-15  0.1206E-14  0.2230E-14  0.8920E-14  0.9698E-16  0.7188E-13  0.1233E-14  0.1411E-14
          63   626.6       18.91      0.1213E-12  0.1874E-13  0.1131E-13  0.1665E-14  0.1437E-15  0.1325E-16  0.3973E-14  0.6283E-14  0.1363E-14  0.9669E-15  0.5375E-14  0.2656E-15  0.1242E-14  0.2295E-14  0.9182E-14  0.9954E-16  0.7169E-13  0.1269E-14  0.1476E-14
          64   636.7       19.25      0.1212E-12  0.1871E-13  0.1129E-13  0.1646E-14  0.1416E-15  0.1304E-16  0.3982E-14  0.6416E-14  0.1366E-14  0.9698E-15  0.5493E-14  0.2670E-15  0.1277E-14  0.2360E-14  0.9447E-14  0.1021E-15  0.7149E-13  0.1304E-14  0.1542E-14
          65   646.8       19.59      0.1211E-12  0.1868E-13  0.1127E-13  0.1626E-14  0.1395E-15  0.1284E-16  0.3990E-14  0.6549E-14  0.1369E-14  0.9725E-15  0.5611E-14  0.2684E-15  0.1313E-14  0.2426E-14  0.9714E-14  0.1047E-15  0.7129E-13  0.1341E-14  0.1610E-14
          66   656.9       19.93      0.1210E-12  0.1865E-13  0.1125E-13  0.1607E-14  0.1374E-15  0.1264E-16  0.3998E-14  0.6680E-14  0.1371E-14  0.9749E-15  0.5727E-14  0.2696E-15  0.1349E-14  0.2492E-14  0.9979E-14  0.1073E-15  0.7109E-13  0.1376E-14  0.1679E-14
          67   667.0       20.27      0.1209E-12  0.1861E-13  0.1123E-13  0.1589E-14  0.1353E-15  0.1244E-16  0.4004E-14  0.6810E-14  0.1373E-14  0.9771E-15  0.5843E-14  0.2708E-15  0.1385E-14  0.2558E-14  0.1024E-13  0.1099E-15  0.7090E-13  0.1412E-14  0.1748E-14
          68   677.1       20.62      0.1208E-12  0.1858E-13  0.1122E-13  0.1571E-14  0.1333E-15  0.1225E-16  0.4010E-14  0.6939E-14  0.1375E-14  0.9790E-15  0.5958E-14  0.2719E-15  0.1420E-14  0.2623E-14  0.1051E-13  0.1124E-15  0.7070E-13  0.1447E-14  0.1819E-14
          69   687.2       20.97      0.1208E-12  0.1855E-13  0.1120E-13  0.1552E-14  0.1313E-15  0.1206E-16  0.4014E-14  0.7069E-14  0.1376E-14  0.9808E-15  0.6073E-14  0.2729E-15  0.1456E-14  0.2689E-14  0.1078E-13  0.1150E-15  0.7050E-13  0.1483E-14  0.1891E-14
          70   697.3       21.31      0.1207E-12  0.1852E-13  0.1118E-13  0.1535E-14  0.1294E-15  0.1187E-16  0.4017E-14  0.7197E-14  0.1377E-14  0.9820E-15  0.6187E-14  0.2738E-15  0.1492E-14  0.2754E-14  0.1104E-13  0.1176E-15  0.7030E-13  0.1519E-14  0.1963E-14
          71   707.4       21.66      0.1206E-12  0.1848E-13  0.1116E-13  0.1518E-14  0.1275E-15  0.1169E-16  0.4018E-14  0.7323E-14  0.1377E-14  0.9828E-15  0.6300E-14  0.2746E-15  0.1528E-14  0.2819E-14  0.1131E-13  0.1201E-15  0.7011E-13  0.1554E-14  0.2036E-14
          72   717.5       22.01      0.1206E-12  0.1845E-13  0.1114E-13  0.1502E-14  0.1257E-15  0.1152E-16  0.4017E-14  0.7448E-14  0.1377E-14  0.9830E-15  0.6412E-14  0.2752E-15  0.1564E-14  0.2884E-14  0.1157E-13  0.1227E-15  0.6991E-13  0.1589E-14  0.2110E-14
          73   727.5       22.37      0.1205E-12  0.1842E-13  0.1112E-13  0.1486E-14  0.1239E-15  0.1135E-16  0.4017E-14  0.7571E-14  0.1376E-14  0.9833E-15  0.6522E-14  0.2758E-15  0.1599E-14  0.2949E-14  0.1183E-13  0.1252E-15  0.6972E-13  0.1624E-14  0.2185E-14
          74   737.6       22.72      0.1204E-12  0.1838E-13  0.1110E-13  0.1470E-14  0.1221E-15  0.1118E-16  0.4015E-14  0.7694E-14  0.1376E-14  0.9835E-15  0.6632E-14  0.2764E-15  0.1634E-14  0.3013E-14  0.1210E-13  0.1277E-15  0.6953E-13  0.1659E-14  0.2260E-14
          75   747.7       23.08      0.1204E-12  0.1835E-13  0.1108E-13  0.1455E-14  0.1203E-15  0.1102E-16  0.4013E-14  0.7816E-14  0.1375E-14  0.9834E-15  0.6742E-14  0.2768E-15  0.1670E-14  0.3078E-14  0.1236E-13  0.1302E-15  0.6933E-13  0.1694E-14  0.2337E-14
          76   757.8       23.44      0.1203E-12  0.1831E-13  0.1106E-13  0.1439E-14  0.1186E-15  0.1085E-16  0.4011E-14  0.7939E-14  0.1374E-14  0.9832E-15  0.6852E-14  0.2773E-15  0.1705E-14  0.3142E-14  0.1263E-13  0.1328E-15  0.6914E-13  0.1729E-14  0.2414E-14
          77   767.9       23.81      0.1203E-12  0.1828E-13  0.1104E-13  0.1424E-14  0.1169E-15  0.1069E-16  0.4008E-14  0.8061E-14  0.1373E-14  0.9829E-15  0.6962E-14  0.2777E-15  0.1741E-14  0.3207E-14  0.1289E-13  0.1353E-15  0.6894E-13  0.1764E-14  0.2492E-14
          78   778.0       24.18      0.1203E-12  0.1825E-13  0.1102E-13  0.1409E-14  0.1151E-15  0.1053E-16  0.4004E-14  0.8183E-14  0.1372E-14  0.9825E-15  0.7072E-14  0.2780E-15  0.1777E-14  0.3272E-14  0.1316E-13  0.1378E-15  0.6875E-13  0.1799E-14  0.2571E-14
          79   788.1       24.53      0.1202E-12  0.1821E-13  0.1100E-13  0.1396E-14  0.1137E-15  0.1039E-16  0.3996E-14  0.8295E-14  0.1368E-14  0.9807E-15  0.7174E-14  0.2780E-15  0.1811E-14  0.3333E-14  0.1341E-13  0.1402E-15  0.6857E-13  0.1833E-14  0.2648E-14
          80   798.2       24.90      0.1202E-12  0.1818E-13  0.1097E-13  0.1382E-14  0.1121E-15  0.1024E-16  0.3990E-14  0.8414E-14  0.1366E-14  0.9797E-15  0.7280E-14  0.2781E-15  0.1846E-14  0.3396E-14  0.1367E-13  0.1427E-15  0.6838E-13  0.1867E-14  0.2728E-14
          81   808.3       25.28      0.1202E-12  0.1814E-13  0.1095E-13  0.1368E-14  0.1105E-15  0.1009E-16  0.3984E-14  0.8532E-14  0.1364E-14  0.9785E-15  0.7387E-14  0.2782E-15  0.1881E-14  0.3460E-14  0.1394E-13  0.1452E-15  0.6819E-13  0.1902E-14  0.2808E-14
          82   818.4       25.66      0.1202E-12  0.1811E-13  0.1093E-13  0.1354E-14  0.1089E-15  0.9937E-17  0.3978E-14  0.8649E-14  0.1362E-14  0.9773E-15  0.7494E-14  0.2783E-15  0.1917E-14  0.3524E-14  0.1420E-13  0.1477E-15  0.6800E-13  0.1936E-14  0.2890E-14
          83   828.5       26.04      0.1201E-12  0.1807E-13  0.1091E-13  0.1341E-14  0.1074E-15  0.9793E-17  0.3970E-14  0.8766E-14  0.1359E-14  0.9758E-15  0.7599E-14  0.2783E-15  0.1952E-14  0.3587E-14  0.1446E-13  0.1501E-15  0.6781E-13  0.1970E-14  0.2971E-14
          84   838.5       26.41      0.1201E-12  0.1804E-13  0.1089E-13  0.1328E-14  0.1059E-15  0.9654E-17  0.3962E-14  0.8879E-14  0.1356E-14  0.9740E-15  0.7701E-14  0.2783E-15  0.1986E-14  0.3649E-14  0.1472E-13  0.1526E-15  0.6762E-13  0.2004E-14  0.3053E-14
          85   848.6       26.79      0.1201E-12  0.1800E-13  0.1087E-13  0.1315E-14  0.1044E-15  0.9516E-17  0.3954E-14  0.8991E-14  0.1353E-14  0.9722E-15  0.7804E-14  0.2781E-15  0.2021E-14  0.3711E-14  0.1497E-13  0.1550E-15  0.6744E-13  0.2037E-14  0.3134E-14
          86   858.7       27.17      0.1201E-12  0.1797E-13  0.1085E-13  0.1303E-14  0.1030E-15  0.9383E-17  0.3944E-14  0.9103E-14  0.1350E-14  0.9700E-15  0.7905E-14  0.2779E-15  0.2055E-14  0.3772E-14  0.1523E-13  0.1574E-15  0.6726E-13  0.2071E-14  0.3217E-14
          87   868.8       27.56      0.1201E-12  0.1793E-13  0.1083E-13  0.1291E-14  0.1016E-15  0.9253E-17  0.3933E-14  0.9214E-14  0.1346E-14  0.9677E-15  0.8007E-14  0.2776E-15  0.2090E-14  0.3834E-14  0.1549E-13  0.1598E-15  0.6707E-13  0.2104E-14  0.3300E-14
          88   878.9       27.94      0.1201E-12  0.1790E-13  0.1081E-13  0.1279E-14  0.1002E-15  0.9125E-17  0.3922E-14  0.9325E-14  0.1342E-14  0.9652E-15  0.8107E-14  0.2773E-15  0.2124E-14  0.3895E-14  0.1574E-13  0.1622E-15  0.6689E-13  0.2138E-14  0.3384E-14
          89   889.0       28.33      0.1201E-12  0.1786E-13  0.1079E-13  0.1268E-14  0.9890E-16  0.9000E-17  0.3911E-14  0.9434E-14  0.1338E-14  0.9627E-15  0.8206E-14  0.2770E-15  0.2158E-14  0.3956E-14  0.1600E-13  0.1646E-15  0.6671E-13  0.2171E-14  0.3468E-14
          90   899.1       28.72      0.1201E-12  0.1783E-13  0.1077E-13  0.1256E-14  0.9759E-16  0.8877E-17  0.3899E-14  0.9541E-14  0.1334E-14  0.9601E-15  0.8304E-14  0.2766E-15  0.2192E-14  0.4016E-14  0.1625E-13  0.1669E-15  0.6654E-13  0.2203E-14  0.3552E-14
          91   909.2       29.11      0.1201E-12  0.1780E-13  0.1075E-13  0.1245E-14  0.9630E-16  0.8757E-17  0.3888E-14  0.9647E-14  0.1330E-14  0.9574E-15  0.8401E-14  0.2762E-15  0.2226E-14  0.4076E-14  0.1650E-13  0.1692E-15  0.6636E-13  0.2236E-14  0.3636E-14
          92   919.3       29.50      0.1201E-12  0.1776E-13  0.1073E-13  0.1234E-14  0.9503E-16  0.8639E-17  0.3876E-14  0.9752E-14  0.1325E-14  0.9546E-15  0.8498E-14  0.2758E-15  0.2259E-14  0.4135E-14  0.1675E-13  0.1716E-15  0.6619E-13  0.2268E-14  0.3720E-14
          93   929.4       29.90      0.1202E-12  0.1773E-13  0.1070E-13  0.1224E-14  0.9377E-16  0.8521E-17  0.3863E-14  0.9857E-14  0.1321E-14  0.9517E-15  0.8594E-14  0.2753E-15  0.2293E-14  0.4194E-14  0.1700E-13  0.1739E-15  0.6601E-13  0.2300E-14  0.3805E-14
          94   939.5       30.30      0.1202E-12  0.1769E-13  0.1068E-13  0.1213E-14  0.9252E-16  0.8405E-17  0.3850E-14  0.9962E-14  0.1317E-14  0.9488E-15  0.8690E-14  0.2748E-15  0.2326E-14  0.4253E-14  0.1725E-13  0.1762E-15  0.6584E-13  0.2332E-14  0.3890E-14
          95   949.5       30.70      0.1202E-12  0.1766E-13  0.1066E-13  0.1202E-14  0.9128E-16  0.8289E-17  0.3837E-14  0.1007E-13  0.1312E-14  0.9458E-15  0.8786E-14  0.2743E-15  0.2359E-14  0.4313E-14  0.1750E-13  0.1785E-15  0.6566E-13  0.2365E-14  0.3976E-14
          96   959.6       31.11      0.1202E-12  0.1762E-13  0.1064E-13  0.1192E-14  0.9007E-16  0.8177E-17  0.3824E-14  0.1017E-13  0.1307E-14  0.9427E-15  0.8881E-14  0.2737E-15  0.2393E-14  0.4371E-14  0.1774E-13  0.1808E-15  0.6549E-13  0.2397E-14  0.4063E-14
          97   969.7       31.52      0.1202E-12  0.1759E-13  0.1062E-13  0.1182E-14  0.8888E-16  0.8066E-17  0.3810E-14  0.1027E-13  0.1303E-14  0.9394E-15  0.8975E-14  0.2732E-15  0.2426E-14  0.4430E-14  0.1799E-13  0.1831E-15  0.6532E-13  0.2429E-14  0.4149E-14
          98   979.8       31.93      0.1203E-12  0.1755E-13  0.1060E-13  0.1172E-14  0.8773E-16  0.7959E-17  0.3796E-14  0.1037E-13  0.1298E-14  0.9361E-15  0.9067E-14  0.2725E-15  0.2459E-14  0.4487E-14  0.1824E-13  0.1854E-15  0.6515E-13  0.2460E-14  0.4235E-14
          99   989.9       32.34      0.1203E-12  0.1752E-13  0.1058E-13  0.1162E-14  0.8658E-16  0.7852E-17  0.3782E-14  0.1047E-13  0.1293E-14  0.9326E-15  0.9160E-14  0.2718E-15  0.2492E-14  0.4545E-14  0.1848E-13  0.1876E-15  0.6499E-13  0.2492E-14  0.4322E-14
         100   1000.       32.75      0.1203E-12  0.1748E-13  0.1056E-13  0.1153E-14  0.8544E-16  0.7746E-17  0.3767E-14  0.1057E-13  0.1287E-14  0.9291E-15  0.9252E-14  0.2711E-15  0.2524E-14  0.4603E-14  0.1873E-13  0.1899E-15  0.6482E-13  0.2523E-14  0.4410E-14
