0.000000000000000000e+00 2.674800000000000000e+19
1.000000000000000000e+00 2.385600000000000000e+19
2.000000000000000000e+00 2.140800000000000000e+19
3.000000000000000000e+00 1.926400000000000000e+19
4.000000000000000000e+00 1.732500000000000000e+19
5.000000000000000000e+00 1.554900000000000000e+19
6.000000000000000000e+00 1.388800000000000000e+19
7.000000000000000000e+00 1.233200000000000000e+19
8.000000000000000000e+00 1.087000000000000000e+19
9.000000000000000000e+00 9.504000000000000000e+18
1.000000000000000000e+01 8.240000000000000000e+18
1.100000000000000000e+01 7.085000000000000000e+18
1.200000000000000000e+01 6.057000000000000000e+18
1.300000000000000000e+01 5.163000000000000000e+18
1.400000000000000000e+01 4.397000000000000000e+18
1.500000000000000000e+01 3.748900000000000000e+18
1.600000000000000000e+01 3.203600000000000000e+18
1.700000000000000000e+01 2.740800000000000000e+18
1.800000000000000000e+01 2.346200000000000000e+18
1.900000000000000000e+01 2.005200000000000000e+18
2.000000000000000000e+01 1.710900000000000000e+18
2.100000000000000000e+01 1.456000000000000000e+18
2.200000000000000000e+01 1.236600000000000000e+18
2.300000000000000000e+01 1.048100000000000000e+18
2.400000000000000000e+01 8.869000000000000000e+17
2.500000000000000000e+01 7.498000000000000000e+17
2.600000000000000000e+01 6.332000000000000000e+17
2.700000000000000000e+01 5.346000000000000000e+17
2.800000000000000000e+01 4.511400000000000000e+17
2.900000000000000000e+01 3.808500000000000000e+17
3.000000000000000000e+01 3.215100000000000000e+17
3.100000000000000000e+01 2.716600000000000000e+17
3.200000000000000000e+01 2.296800000000000000e+17
3.300000000000000000e+01 1.944200000000000000e+17
3.400000000000000000e+01 1.648800000000000000e+17
3.500000000000000000e+01 1.402700000000000000e+17
3.600000000000000000e+01 1.196500000000000000e+17
3.700000000000000000e+01 1.023200000000000000e+17
3.800000000000000000e+01 8.776000000000000000e+16
3.900000000000000000e+01 7.549000000000000000e+16
4.000000000000000000e+01 6.511000000000000000e+16
4.100000000000000000e+01 5.634000000000000000e+16
4.200000000000000000e+01 4.888000000000000000e+16
4.300000000000000000e+01 4.253600000000000000e+16
4.400000000000000000e+01 3.711100000000000000e+16
4.500000000000000000e+01 3.248000000000000000e+16
4.600000000000000000e+01 2.849800000000000000e+16
4.700000000000000000e+01 2.506000000000000000e+16
4.800000000000000000e+01 2.206800000000000000e+16
4.900000000000000000e+01 1.945600000000000000e+16
5.000000000000000000e+01 1.717200000000000000e+16
5.100000000000000000e+01 1.515600000000000000e+16
5.200000000000000000e+01 1.338000000000000000e+16
5.300000000000000000e+01 1.180400000000000000e+16
5.400000000000000000e+01 1.040700000000000000e+16
5.500000000000000000e+01 9.167000000000000000e+15
5.600000000000000000e+01 8.065000000000000000e+15
5.700000000000000000e+01 7.087000000000000000e+15
5.800000000000000000e+01 6.222000000000000000e+15
5.900000000000000000e+01 5.455000000000000000e+15
6.000000000000000000e+01 4.778000000000000000e+15
6.100000000000000000e+01 4.180200000000000000e+15
6.200000000000000000e+01 3.652700000000000000e+15
6.300000000000000000e+01 3.189600000000000000e+15
6.400000000000000000e+01 2.782200000000000000e+15
6.500000000000000000e+01 2.423400000000000000e+15
6.600000000000000000e+01 2.109900000000000000e+15
6.700000000000000000e+01 1.834700000000000000e+15
6.800000000000000000e+01 1.594900000000000000e+15
6.900000000000000000e+01 1.384400000000000000e+15
7.000000000000000000e+01 1.201000000000000000e+15
7.100000000000000000e+01 1.041100000000000000e+15
7.200000000000000000e+01 9.018000000000000000e+14
7.300000000000000000e+01 7.831000233500000000e+14
7.400000000000000000e+01 6.780000514500000000e+14
7.500000000000000000e+01 5.872001118000000000e+14
7.600000000000000000e+01 5.086002380000000000e+14
7.700000000000000000e+01 4.403404944000000000e+14
7.800000000000000000e+01 3.811309966000000000e+14
7.900000000000000000e+01 3.297719420000000000e+14
8.000000000000000000e+01 2.851336460000000000e+14
8.100000000000000000e+01 2.463365800000000000e+14
8.200000000000000000e+01 2.127213900000000000e+14
8.300000000000000000e+01 1.834489100000000000e+14
8.400000000000000000e+01 1.580900700000000000e+14
8.500000000000000000e+01 1.360458100000000000e+14
8.600000000000000000e+01 1.168869300000000000e+14
8.700000000000000000e+01 1.003238700000000000e+14
8.800000000000000000e+01 8.599660000000000000e+13
8.900000000000000000e+01 7.361440000000000000e+13
9.000000000000000000e+01 6.293600000000000000e+13
9.100000000000000000e+01 5.371950000000000000e+13
9.200000000000000000e+01 4.577990000000000000e+13
9.300000000000000000e+01 3.894590000000000000e+13
9.400000000000000000e+01 3.307120000000000000e+13
9.500000000000000000e+01 2.801730000000000000e+13
9.600000000000000000e+01 2.369080000000000000e+13
9.700000000000000000e+01 1.999140000000000000e+13
9.800000000000000000e+01 1.684090000000000000e+13
9.900000000000000000e+01 1.415500000000000000e+13
1.000000000000000000e+02 1.187130000000000000e+13
1.010000000000000000e+02 9.942200000000000000e+12
1.020000000000000000e+02 8.316700000000000000e+12
1.030000000000000000e+02 6.951100000000000000e+12
1.040000000000000000e+02 5.807500000000000000e+12
1.050000000000000000e+02 4.852600000000000000e+12
1.060000000000000000e+02 4.055700000000000000e+12
1.070000000000000000e+02 3.392500000000000000e+12
1.080000000000000000e+02 2.839800000000000000e+12
1.090000000000000000e+02 2.380700000000000000e+12
1.100000000000000000e+02 1.998100000000000000e+12
1.110000000000000000e+02 1.679300000000000000e+12
1.120000000000000000e+02 1.414300000000000000e+12
1.130000000000000000e+02 1.194500000000000000e+12
1.140000000000000000e+02 1.012200000000000000e+12
1.150000000000000000e+02 8.609000000000000000e+11
1.160000000000000000e+02 7.354600000000000000e+11
1.170000000000000000e+02 6.314800000000000000e+11
1.180000000000000000e+02 5.454600000000000000e+11
1.190000000000000000e+02 4.742000000000000000e+11
1.200000000000000000e+02 4.154400000000000000e+11
1.210000000000000000e+02 3.672200000000000000e+11
1.220000000000000000e+02 3.280100000000000000e+11
1.230000000000000000e+02 2.968600000000000000e+11
1.240000000000000000e+02 2.701500000000000000e+11
1.250000000000000000e+02 2.466000000000000000e+11
1.260000000000000000e+02 2.257300000000000000e+11
1.270000000000000000e+02 2.071300000000000000e+11
1.280000000000000000e+02 1.905200000000000000e+11
1.290000000000000000e+02 1.757500000000000000e+11
1.300000000000000000e+02 1.623700000000000000e+11
1.310000000000000000e+02 1.503900000000000000e+11
1.320000000000000000e+02 1.395400000000000000e+11
1.330000000000000000e+02 1.297010000000000000e+11
1.340000000000000000e+02 1.207510000000000000e+11
1.350000000000000000e+02 1.126100000000000000e+11
1.360000000000000000e+02 1.051640000000000000e+11
1.370000000000000000e+02 9.836600000000000000e+10
1.380000000000000000e+02 9.212600000000000000e+10
1.390000000000000000e+02 8.638800000000000000e+10
1.400000000000000000e+02 8.110400000000000000e+10
1.410000000000000000e+02 7.624100000000000000e+10
1.420000000000000000e+02 7.174300000000000000e+10
1.430000000000000000e+02 6.758600000000000000e+10
1.440000000000000000e+02 6.373800000000000000e+10
1.450000000000000000e+02 6.015400000000000000e+10
1.460000000000000000e+02 5.684300000000000000e+10
1.470000000000000000e+02 5.374300000000000000e+10
1.480000000000000000e+02 5.086000000000000000e+10
1.490000000000000000e+02 4.818400000000000000e+10
1.500000000000000000e+02 4.567300000000000000e+10
1.510000000000000000e+02 4.332500000000000000e+10
1.520000000000000000e+02 4.113000000000000000e+10
1.530000000000000000e+02 3.907500000000000000e+10
1.540000000000000000e+02 3.714100000000000000e+10
1.550000000000000000e+02 3.533600000000000000e+10
1.560000000000000000e+02 3.364000000000000000e+10
1.570000000000000000e+02 3.203100000000000000e+10
1.580000000000000000e+02 3.052900000000000000e+10
1.590000000000000000e+02 2.910400000000000000e+10
1.600000000000000000e+02 2.776400000000000000e+10
1.610000000000000000e+02 2.649100000000000000e+10
1.620000000000000000e+02 2.530200000000000000e+10
1.630000000000000000e+02 2.416790000000000000e+10
1.640000000000000000e+02 2.310810000000000000e+10
1.650000000000000000e+02 2.210240000000000000e+10
1.660000000000000000e+02 2.115130000000000000e+10
1.670000000000000000e+02 2.023760000000000000e+10
1.680000000000000000e+02 1.938410000000000000e+10
1.690000000000000000e+02 1.857050000000000000e+10
1.700000000000000000e+02 1.779760000000000000e+10
1.710000000000000000e+02 1.706330000000000000e+10
1.720000000000000000e+02 1.636630000000000000e+10
1.730000000000000000e+02 1.570350000000000000e+10
1.740000000000000000e+02 1.507270000000000000e+10
1.750000000000000000e+02 1.447080000000000000e+10
1.760000000000000000e+02 1.389870000000000000e+10
1.770000000000000000e+02 1.335330000000000000e+10
1.780000000000000000e+02 1.283340000000000000e+10
1.790000000000000000e+02 1.233790000000000000e+10
1.800000000000000000e+02 1.186470000000000000e+10
1.810000000000000000e+02 1.141390000000000000e+10
1.820000000000000000e+02 1.098210000000000000e+10
1.830000000000000000e+02 1.057050000000000000e+10
1.840000000000000000e+02 1.017590000000000000e+10
1.850000000000000000e+02 9.800300000000000000e+09
1.860000000000000000e+02 9.440600000000000000e+09
1.870000000000000000e+02 9.095700000000000000e+09
1.880000000000000000e+02 8.764700000000000000e+09
1.890000000000000000e+02 8.449300000000000000e+09
1.900000000000000000e+02 8.146700000000000000e+09
1.910000000000000000e+02 7.856700000000000000e+09
1.920000000000000000e+02 7.579400000000000000e+09
1.930000000000000000e+02 7.312600000000000000e+09
1.940000000000000000e+02 7.056400000000000000e+09
1.950000000000000000e+02 6.811700000000000000e+09
1.960000000000000000e+02 6.576400000000000000e+09
1.970000000000000000e+02 6.350700000000000000e+09
1.980000000000000000e+02 6.133300000000000000e+09
1.990000000000000000e+02 5.925400000000000000e+09
2.000000000000000000e+02 5.724800000000000000e+09
2.010000000000000000e+02 5.532600000000000000e+09
2.020000000000000000e+02 5.346700000000000000e+09
2.030000000000000000e+02 5.169200000000000000e+09
2.040000000000000000e+02 4.997930000000000000e+09
2.050000000000000000e+02 4.833960000000000000e+09
2.060000000000000000e+02 4.674250000000000000e+09
2.070000000000000000e+02 4.522800000000000000e+09
2.080000000000000000e+02 4.375590000000000000e+09
2.090000000000000000e+02 4.234600000000000000e+09
2.100000000000000000e+02 4.098820000000000000e+09
2.110000000000000000e+02 3.967240000000000000e+09
2.120000000000000000e+02 3.840850000000000000e+09
2.130000000000000000e+02 3.718740000000000000e+09
2.140000000000000000e+02 3.601000000000000000e+09
2.150000000000000000e+02 3.487510000000000000e+09
2.160000000000000000e+02 3.378180000000000000e+09
2.170000000000000000e+02 3.272890000000000000e+09
2.180000000000000000e+02 3.171440000000000000e+09
2.190000000000000000e+02 3.072910000000000000e+09
2.200000000000000000e+02 2.979110000000000000e+09
2.210000000000000000e+02 2.886920000000000000e+09
2.220000000000000000e+02 2.799330000000000000e+09
2.230000000000000000e+02 2.713150000000000000e+09
2.240000000000000000e+02 2.631470000000000000e+09
2.250000000000000000e+02 2.551180000000000000e+09
2.260000000000000000e+02 2.475170000000000000e+09
2.270000000000000000e+02 2.400350000000000000e+09
2.280000000000000000e+02 2.328710000000000000e+09
2.290000000000000000e+02 2.259240000000000000e+09
2.300000000000000000e+02 2.191840000000000000e+09
2.310000000000000000e+02 2.127400000000000000e+09
2.320000000000000000e+02 2.063930000000000000e+09
2.330000000000000000e+02 2.003420000000000000e+09
2.340000000000000000e+02 1.944760000000000000e+09
2.350000000000000000e+02 1.887960000000000000e+09
2.360000000000000000e+02 1.833010000000000000e+09
2.370000000000000000e+02 1.779710000000000000e+09
2.380000000000000000e+02 1.728250000000000000e+09
2.390000000000000000e+02 1.678430000000000000e+09
2.400000000000000000e+02 1.630260000000000000e+09
2.410000000000000000e+02 1.583730000000000000e+09
2.420000000000000000e+02 1.537830000000000000e+09
2.430000000000000000e+02 1.494470000000000000e+09
2.440000000000000000e+02 1.451740000000000000e+09
2.450000000000000000e+02 1.410440000000000000e+09
2.460000000000000000e+02 1.370670000000000000e+09
2.470000000000000000e+02 1.332330000000000000e+09
2.480000000000000000e+02 1.294517000000000000e+09
2.490000000000000000e+02 1.258130000000000000e+09
2.500000000000000000e+02 1.223167000000000000e+09
2.510000000000000000e+02 1.188828000000000000e+09
2.520000000000000000e+02 1.155710000000000000e+09
2.530000000000000000e+02 1.123712000000000000e+09
2.540000000000000000e+02 1.092435000000000000e+09
2.550000000000000000e+02 1.062276000000000000e+09
2.560000000000000000e+02 1.033035000000000000e+09
2.570000000000000000e+02 1.004611000000000000e+09
2.580000000000000000e+02 9.770030000000000000e+08
2.590000000000000000e+02 9.502100000000000000e+08
2.600000000000000000e+02 9.243310000000000000e+08
2.610000000000000000e+02 8.990670000000000000e+08
2.620000000000000000e+02 8.746150000000000000e+08
2.630000000000000000e+02 8.509760000000000000e+08
2.640000000000000000e+02 8.278480000000000000e+08
2.650000000000000000e+02 8.054620000000000000e+08
2.660000000000000000e+02 7.837670000000000000e+08
2.670000000000000000e+02 7.626710000000000000e+08
2.680000000000000000e+02 7.421550000000000000e+08
2.690000000000000000e+02 7.222180000000000000e+08
2.700000000000000000e+02 7.029400000000000000e+08
2.710000000000000000e+02 6.841300000000000000e+08
2.720000000000000000e+02 6.659680000000000000e+08
2.730000000000000000e+02 6.482430000000000000e+08
2.740000000000000000e+02 6.309660000000000000e+08
2.750000000000000000e+02 6.142250000000000000e+08
2.760000000000000000e+02 5.980100000000000000e+08
2.770000000000000000e+02 5.822120000000000000e+08
2.780000000000000000e+02 5.668290000000000000e+08
2.790000000000000000e+02 5.519620000000000000e+08
2.800000000000000000e+02 5.374000000000000000e+08
2.810000000000000000e+02 5.233430000000000000e+08
2.820000000000000000e+02 5.096810000000000000e+08
2.830000000000000000e+02 4.963130000000000000e+08
2.840000000000000000e+02 4.833300000000000000e+08
2.850000000000000000e+02 4.707310000000000000e+08
2.860000000000000000e+02 4.585150000000000000e+08
2.870000000000000000e+02 4.465830000000000000e+08
2.880000000000000000e+02 4.350250000000000000e+08
2.890000000000000000e+02 4.237300000000000000e+08
2.900000000000000000e+02 4.128080000000000000e+08
2.910000000000000000e+02 4.021490000000000000e+08
2.920000000000000000e+02 3.917530000000000000e+08
2.930000000000000000e+02 3.816190000000000000e+08
2.940000000000000000e+02 3.718380000000000000e+08
2.950000000000000000e+02 3.623201000000000000e+08
2.960000000000000000e+02 3.529441000000000000e+08
2.970000000000000000e+02 3.439203000000000000e+08
2.980000000000000000e+02 3.351486000000000000e+08
2.990000000000000000e+02 3.266190000000000000e+08
3.000000000000000000e+02 3.177412000000000000e+08
3.010000000000000000e+02 3.096953000000000000e+08
3.020000000000000000e+02 3.017911000000000000e+08
3.030000000000000000e+02 2.941286000000000000e+08
3.040000000000000000e+02 2.867076000000000000e+08
3.050000000000000000e+02 2.794081000000000000e+08
3.060000000000000000e+02 2.723500000000000000e+08
3.070000000000000000e+02 2.654233000000000000e+08
3.080000000000000000e+02 2.587379000000000000e+08
3.090000000000000000e+02 2.522637000000000000e+08
3.100000000000000000e+02 2.458306000000000000e+08
3.110000000000000000e+02 2.397187000000000000e+08
3.120000000000000000e+02 2.336378000000000000e+08
3.130000000000000000e+02 2.277779000000000000e+08
3.140000000000000000e+02 2.221389000000000000e+08
3.150000000000000000e+02 2.165309000000000000e+08
3.160000000000000000e+02 2.111337000000000000e+08
3.170000000000000000e+02 2.058674000000000000e+08
3.180000000000000000e+02 2.007118000000000000e+08
3.190000000000000000e+02 1.956810000000000000e+08
3.200000000000000000e+02 1.907669000000000000e+08
3.210000000000000000e+02 1.860715000000000000e+08
3.220000000000000000e+02 1.813917000000000000e+08
3.230000000000000000e+02 1.769285000000000000e+08
3.240000000000000000e+02 1.725799000000000000e+08
3.250000000000000000e+02 1.682469000000000000e+08
3.260000000000000000e+02 1.641274000000000000e+08
3.270000000000000000e+02 1.600213000000000000e+08
3.280000000000000000e+02 1.560278000000000000e+08
3.290000000000000000e+02 1.522477000000000000e+08
3.300000000000000000e+02 1.484781000000000000e+08
3.310000000000000000e+02 1.448208000000000000e+08
3.320000000000000000e+02 1.411740000000000000e+08
3.330000000000000000e+02 1.377375000000000000e+08
3.340000000000000000e+02 1.343114000000000000e+08
3.350000000000000000e+02 1.310946000000000000e+08
3.360000000000000000e+02 1.277862000000000000e+08
3.370000000000000000e+02 1.246870000000000000e+08
3.380000000000000000e+02 1.215962000000000000e+08
3.390000000000000000e+02 1.186136000000000000e+08
3.400000000000000000e+02 1.157383000000000000e+08
3.410000000000000000e+02 1.128712000000000000e+08
3.420000000000000000e+02 1.101104000000000000e+08
3.430000000000000000e+02 1.074558100000000000e+08
3.440000000000000000e+02 1.048084400000000000e+08
3.450000000000000000e+02 1.022772700000000000e+08
3.460000000000000000e+02 9.978130000000000000e+07
3.470000000000000000e+02 9.735152000000000000e+07
3.480000000000000000e+02 9.498692000000000000e+07
3.490000000000000000e+02 9.266749000000000000e+07
3.500000000000000000e+02 9.042322000000000000e+07
3.510000000000000000e+02 8.822411000000000000e+07
3.520000000000000000e+02 8.607914000000000000e+07
3.530000000000000000e+02 8.398832000000000000e+07
3.540000000000000000e+02 8.195263000000000000e+07
3.550000000000000000e+02 7.997006000000000000e+07
3.560000000000000000e+02 7.803162000000000000e+07
3.570000000000000000e+02 7.614729000000000000e+07
3.580000000000000000e+02 7.430607000000000000e+07
3.590000000000000000e+02 7.250796000000000000e+07
3.600000000000000000e+02 7.075294000000000000e+07
3.610000000000000000e+02 6.905202000000000000e+07
3.620000000000000000e+02 6.738319000000000000e+07
3.630000000000000000e+02 6.575745000000000000e+07
3.640000000000000000e+02 6.417479000000000000e+07
3.650000000000000000e+02 6.262421000000000000e+07
3.660000000000000000e+02 6.112570000000000000e+07
3.670000000000000000e+02 5.965027000000000000e+07
3.680000000000000000e+02 5.821790000000000000e+07
3.690000000000000000e+02 5.681659000000000000e+07
3.700000000000000000e+02 5.545735000000000000e+07
3.710000000000000000e+02 5.412116000000000000e+07
3.720000000000000000e+02 5.282604000000000000e+07
3.730000000000000000e+02 5.156306000000000000e+07
3.740000000000000000e+02 5.032183000000000000e+07
3.750000000000000000e+02 4.912236000000000000e+07
3.760000000000000000e+02 4.794443000000000000e+07
3.770000000000000000e+02 4.679814000000000000e+07
3.780000000000000000e+02 4.568329000000000000e+07
3.790000000000000000e+02 4.458999000000000000e+07
3.800000000000000000e+02 4.352792000000000000e+07
3.810000000000000000e+02 4.248729000000000000e+07
3.820000000000000000e+02 4.146789000000000000e+07
3.830000000000000000e+02 4.047972000000000000e+07
3.840000000000000000e+02 3.952269000000000000e+07
3.850000000000000000e+02 3.857678000000000000e+07
3.860000000000000000e+02 3.766191000000000000e+07
3.870000000000000000e+02 3.675806000000000000e+07
3.880000000000000000e+02 3.588524000000000000e+07
3.890000000000000000e+02 3.503334000000000000e+07
3.900000000000000000e+02 3.420236100000000000e+07
3.910000000000000000e+02 3.339220800000000000e+07
3.920000000000000000e+02 3.260297500000000000e+07
3.930000000000000000e+02 3.182446300000000000e+07
3.940000000000000000e+02 3.106667000000000000e+07
3.950000000000000000e+02 3.032969600000000000e+07
3.960000000000000000e+02 2.961333900000000000e+07
3.970000000000000000e+02 2.891769900000000000e+07
3.980000000000000000e+02 2.823277400000000000e+07
3.990000000000000000e+02 2.755836500000000000e+07
4.000000000000000000e+02 2.691457000000000000e+07
4.010000000000000000e+02 2.628128900000000000e+07
4.020000000000000000e+02 2.565862100000000000e+07
4.030000000000000000e+02 2.505646500000000000e+07
4.040000000000000000e+02 2.446482200000000000e+07
4.050000000000000000e+02 2.388358900000000000e+07
4.060000000000000000e+02 2.332286800000000000e+07
4.070000000000000000e+02 2.277265700000000000e+07
4.080000000000000000e+02 2.224275500000000000e+07
4.090000000000000000e+02 2.171326300000000000e+07
4.100000000000000000e+02 2.120418000000000000e+07
4.110000000000000000e+02 2.070550600000000000e+07
4.120000000000000000e+02 2.021713900000000000e+07
4.130000000000000000e+02 1.973918100000000000e+07
4.140000000000000000e+02 1.928152900000000000e+07
4.150000000000000000e+02 1.882408500000000000e+07
4.160000000000000000e+02 1.837704700000000000e+07
4.170000000000000000e+02 1.795031600000000000e+07
4.180000000000000000e+02 1.753379100000000000e+07
4.190000000000000000e+02 1.711757100000000000e+07
4.200000000000000000e+02 1.671155800000000000e+07
4.210000000000000000e+02 1.632584900000000000e+07
4.220000000000000000e+02 1.594034500000000000e+07
4.230000000000000000e+02 1.556504700000000000e+07
4.240000000000000000e+02 1.520005300000000000e+07
4.250000000000000000e+02 1.484516300000000000e+07
4.260000000000000000e+02 1.450047700000000000e+07
4.270000000000000000e+02 1.416599500000000000e+07
4.280000000000000000e+02 1.383171800000000000e+07
4.290000000000000000e+02 1.350763300000000000e+07
4.300000000000000000e+02 1.319368200000000000e+07
4.310000000000000000e+02 1.287990500000000000e+07
4.320000000000000000e+02 1.258627000000000000e+07
4.330000000000000000e+02 1.229278900000000000e+07
4.340000000000000000e+02 1.199945000000000000e+07
4.350000000000000000e+02 1.172624400000000000e+07
4.360000000000000000e+02 1.145317100000000000e+07
4.370000000000000000e+02 1.118023000000000000e+07
4.380000000000000000e+02 1.092739100000000000e+07
4.390000000000000000e+02 1.066468500000000000e+07
4.400000000000000000e+02 1.042208080000000075e+07
4.410000000000000000e+02 1.017957869999999925e+07
4.420000000000000000e+02 9.941178400000000373e+06
4.430000000000000000e+02 9.709880099999999627e+06
4.440000000000000000e+02 9.484673500000000000e+06
4.450000000000000000e+02 9.264558599999999627e+06
4.460000000000000000e+02 9.049525300000000745e+06
4.470000000000000000e+02 8.839573500000000000e+06
4.480000000000000000e+02 8.634703199999999255e+06
4.490000000000000000e+02 8.433904300000000745e+06
4.500000000000000000e+02 8.238186700000000186e+06
4.510000000000000000e+02 8.047530299999999814e+06
4.520000000000000000e+02 7.860945200000000186e+06
4.530000000000000000e+02 7.679421299999999814e+06
4.540000000000000000e+02 7.500958400000000373e+06
4.550000000000000000e+02 7.327556599999999627e+06
4.560000000000000000e+02 7.158215799999999814e+06
4.570000000000000000e+02 6.992925900000000373e+06
4.580000000000000000e+02 6.830687000000000000e+06
4.590000000000000000e+02 6.673498900000000373e+06
4.600000000000000000e+02 6.518351599999999627e+06
4.610000000000000000e+02 6.368265200000000186e+06
4.620000000000000000e+02 6.221209500000000000e+06
4.630000000000000000e+02 6.077204500000000000e+06
4.640000000000000000e+02 5.937240200000000186e+06
4.650000000000000000e+02 5.800306500000000000e+06
4.660000000000000000e+02 5.666413500000000000e+06
4.670000000000000000e+02 5.536561099999999627e+06
4.680000000000000000e+02 5.408739200000000186e+06
4.690000000000000000e+02 5.283947900000000373e+06
4.700000000000000000e+02 5.162197099999999627e+06
4.710000000000000000e+02 5.043466799999999814e+06
4.720000000000000000e+02 4.927777000000000000e+06
4.730000000000000000e+02 4.814107599999999627e+06
4.740000000000000000e+02 4.703458599999999627e+06
4.750000000000000000e+02 4.595850099999999627e+06
4.760000000000000000e+02 4.490251900000000373e+06
4.770000000000000000e+02 4.386684099999999627e+06
4.780000000000000000e+02 4.286136700000000186e+06
4.790000000000000000e+02 4.187619600000000093e+06
4.800000000000000000e+02 4.091112799999999814e+06
4.810000000000000000e+02 3.997636399999999907e+06
4.820000000000000000e+02 3.906170200000000186e+06
4.830000000000000000e+02 3.816724299999999814e+06
4.840000000000000000e+02 3.729298700000000186e+06
4.850000000000000000e+02 3.643891299999999814e+06
4.860000000000000000e+02 3.560499200000000186e+06
4.870000000000000000e+02 3.478121299999999814e+06
4.880000000000000000e+02 3.398759640000000130e+06
4.890000000000000000e+02 3.321412180000000168e+06
4.900000000000000000e+02 3.245077930000000168e+06
4.910000000000000000e+02 3.170757870000000112e+06
4.920000000000000000e+02 3.098450000000000000e+06
4.930000000000000000e+02 3.028155299999999814e+06
4.940000000000000000e+02 2.958871770000000019e+06
4.950000000000000000e+02 2.890599399999999907e+06
4.960000000000000000e+02 2.825338180000000168e+06
4.970000000000000000e+02 2.760087109999999870e+06
4.980000000000000000e+02 2.697846180000000168e+06
4.990000000000000000e+02 2.635614379999999888e+06
5.000000000000000000e+02 2.575392700000000186e+06
5.010000000000000000e+02 2.517179149999999907e+06
5.020000000000000000e+02 2.459974720000000205e+06
5.030000000000000000e+02 2.403778390000000130e+06
5.040000000000000000e+02 2.348589169999999925e+06
5.050000000000000000e+02 2.295408049999999814e+06
5.060000000000000000e+02 2.243234029999999795e+06
5.070000000000000000e+02 2.192067089999999851e+06
5.080000000000000000e+02 2.141906250000000000e+06
5.090000000000000000e+02 2.093752489999999991e+06
5.100000000000000000e+02 2.045603800000000047e+06
5.110000000000000000e+02 1.999462199999999953e+06
5.120000000000000000e+02 1.954325659999999916e+06
5.130000000000000000e+02 1.910194199999999953e+06
5.140000000000000000e+02 1.866068800000000047e+06
5.150000000000000000e+02 1.823947459999999963e+06
5.160000000000000000e+02 1.782832189999999944e+06
5.170000000000000000e+02 1.742719969999999972e+06
5.180000000000000000e+02 1.702612810000000056e+06
5.190000000000000000e+02 1.664510699999999953e+06
5.200000000000000000e+02 1.626411639999999898e+06
5.210000000000000000e+02 1.589316620000000112e+06
5.220000000000000000e+02 1.553225659999999916e+06
5.230000000000000000e+02 1.518138729999999981e+06
5.240000000000000000e+02 1.484054850000000093e+06
5.250000000000000000e+02 1.450974010000000009e+06
5.260000000000000000e+02 1.417896199999999953e+06
5.270000000000000000e+02 1.385821429999999935e+06
5.280000000000000000e+02 1.354750699999999953e+06
5.290000000000000000e+02 1.323682000000000000e+06
5.300000000000000000e+02 1.293615330000000075e+06
5.310000000000000000e+02 1.264552689999999944e+06
5.320000000000000000e+02 1.236492080000000075e+06
5.330000000000000000e+02 1.208433500000000000e+06
5.340000000000000000e+02 1.181376939999999944e+06
5.350000000000000000e+02 1.154323409999999916e+06
5.360000000000000000e+02 1.128270899999999907e+06
5.370000000000000000e+02 1.103221409999999916e+06
5.380000000000000000e+02 1.078173949999999953e+06
5.390000000000000000e+02 1.054127506999999983e+06
5.400000000000000000e+02 1.030084084000000032e+06
5.410000000000000000e+02 1.007041680000000051e+06
5.420000000000000000e+02 9.841007939999999944e+05
5.430000000000000000e+02 9.619616250000000000e+05
5.440000000000000000e+02 9.403240729999999749e+05
5.450000000000000000e+02 9.191880360000000801e+05
5.460000000000000000e+02 8.984534150000000373e+05
5.470000000000000000e+02 8.783201080000000075e+05
5.480000000000000000e+02 8.585881140000000596e+05
5.490000000000000000e+02 8.392573340000000317e+05
5.500000000000000000e+02 8.204278659999999218e+05
5.510000000000000000e+02 8.019995110000000568e+05
5.520000000000000000e+02 7.839721659999999683e+05
5.530000000000000000e+02 7.664460330000000540e+05
5.540000000000000000e+02 7.492209100000000326e+05
5.550000000000000000e+02 7.323966959999999963e+05
5.560000000000000000e+02 7.159734930000000168e+05
5.570000000000000000e+02 6.999511979999999749e+05
5.580000000000000000e+02 6.843297119999999413e+05
5.590000000000000000e+02 6.689091350000000093e+05
5.600000000000000000e+02 6.539893649999999907e+05
5.610000000000000000e+02 6.393703030000000726e+05
5.620000000000000000e+02 6.250520479999999516e+05
5.630000000000000000e+02 6.110345000000000000e+05
5.640000000000000000e+02 5.974176589999999851e+05
5.650000000000000000e+02 5.840014229999999516e+05
5.660000000000000000e+02 5.709858939999999711e+05
5.670000000000000000e+02 5.582708709999999264e+05
5.680000000000000000e+02 5.457564529999999795e+05
5.690000000000000000e+02 5.335426399999998976e+05
5.700000000000000000e+02 5.216294329999999609e+05
5.710000000000000000e+02 5.100166300000000047e+05
5.720000000000000000e+02 4.986043310000000056e+05
5.730000000000000000e+02 4.874925370000000112e+05
5.740000000000000000e+02 4.766812479999999632e+05
5.750000000000000000e+02 4.660703620000000228e+05
5.760000000000000000e+02 4.556598800000000047e+05
5.770000000000000000e+02 4.454499010000000126e+05
5.780000000000000000e+02 4.355402259999999660e+05
5.790000000000000000e+02 4.258309550000000163e+05
5.800000000000000000e+02 4.164219859999999753e+05
5.810000000000000000e+02 4.071134209999999730e+05
5.820000000000000000e+02 3.981051589999999851e+05
5.830000000000000000e+02 3.891971990000000224e+05
5.840000000000000000e+02 3.805896420000000508e+05
5.850000000000000000e+02 3.720822869999999530e+05
5.860000000000000000e+02 3.638752349999999860e+05
5.870000000000000000e+02 3.557684850000000442e+05
5.880000000000000000e+02 3.478620380000000005e+05
5.890000000000000000e+02 3.401557920000000158e+05
5.900000000000000000e+02 3.325497483999999822e+05
5.910000000000000000e+02 3.252440067999999737e+05
5.920000000000000000e+02 3.180384670999999507e+05
5.930000000000000000e+02 3.109331290000000154e+05
5.940000000000000000e+02 3.040279927000000025e+05
5.950000000000000000e+02 2.973230579999999609e+05
5.960000000000000000e+02 2.907183248000000021e+05
5.970000000000000000e+02 2.843137930000000051e+05
5.980000000000000000e+02 2.780094626999999746e+05
5.990000000000000000e+02 2.718052336999999825e+05
6.000000000000000000e+02 2.658012060000000056e+05
6.010000000000000000e+02 2.598972795000000042e+05
6.020000000000000000e+02 2.541935440999999992e+05
6.030000000000000000e+02 2.485899499000000069e+05
6.040000000000000000e+02 2.430864966999999888e+05
6.050000000000000000e+02 2.376831846000000078e+05
6.060000000000000000e+02 2.324799934000000067e+05
6.070000000000000000e+02 2.272769232000000193e+05
6.080000000000000000e+02 2.222739737999999779e+05
6.090000000000000000e+02 2.173711353000000236e+05
6.100000000000000000e+02 2.125684075999999768e+05
6.110000000000000000e+02 2.078657907000000123e+05
6.120000000000000000e+02 2.033632746000000043e+05
6.130000000000000000e+02 1.988608491000000213e+05
6.140000000000000000e+02 1.944585243000000191e+05
6.150000000000000000e+02 1.901562802000000083e+05
6.160000000000000000e+02 1.859541266999999934e+05
6.170000000000000000e+02 1.818520638000000035e+05
6.180000000000000000e+02 1.778500713999999862e+05
6.190000000000000000e+02 1.739481595999999845e+05
6.200000000000000000e+02 1.701463183000000136e+05
6.210000000000000000e+02 1.664445474999999860e+05
6.220000000000000000e+02 1.627428471999999892e+05
6.230000000000000000e+02 1.591412072999999800e+05
6.240000000000000000e+02 1.556396379000000015e+05
6.250000000000000000e+02 1.522381288000000059e+05
6.260000000000000000e+02 1.489366702000000223e+05
6.270000000000000000e+02 1.456352718999999925e+05
6.280000000000000000e+02 1.424339239999999991e+05
6.290000000000000000e+02 1.393326364999999932e+05
6.300000000000000000e+02 1.362313893000000098e+05
6.310000000000000000e+02 1.332301922999999952e+05
6.320000000000000000e+02 1.303290456999999878e+05
6.330000000000000000e+02 1.275279394000000029e+05
6.340000000000000000e+02 1.247268734000000113e+05
6.350000000000000000e+02 1.219258576000000030e+05
6.360000000000000000e+02 1.193248720999999932e+05
6.370000000000000000e+02 1.167239268000000011e+05
6.380000000000000000e+02 1.141230116999999882e+05
6.390000000000000000e+02 1.116221368999999977e+05
6.400000000000000000e+02 1.092213022999999957e+05
6.410000000000000000e+02 1.068204878400000016e+05
6.420000000000000000e+02 1.044197136099999916e+05
6.430000000000000000e+02 1.022189695599999977e+05
6.440000000000000000e+02 9.993824569000001065e+04
6.450000000000000000e+02 9.775755199000000721e+04
6.460000000000000000e+02 9.562688844999999856e+04
6.470000000000000000e+02 9.353624506000000110e+04
6.480000000000000000e+02 9.149563181999999506e+04
6.490000000000000000e+02 8.949503871999999683e+04
6.500000000000000000e+02 8.754446575999999186e+04
6.510000000000000000e+02 8.563392291999999725e+04
6.520000000000000000e+02 8.377339020999999775e+04
6.530000000000000000e+02 8.194288761000000522e+04
6.540000000000000000e+02 8.016239512999998988e+04
6.550000000000000000e+02 7.841193275000000722e+04
6.560000000000000000e+02 7.670148047999999835e+04
6.570000000000000000e+02 7.503104830999999831e+04
6.580000000000000000e+02 7.340062623000000895e+04
6.590000000000000000e+02 7.180022423999999592e+04
6.600000000000000000e+02 7.023984032999999181e+04
6.610000000000000000e+02 6.871946851000000606e+04
6.620000000000000000e+02 6.721911076999999932e+04
6.630000000000000000e+02 6.575876709999999730e+04
6.640000000000000000e+02 6.432843650999999954e+04
6.650000000000000000e+02 6.293811798000000272e+04
6.660000000000000000e+02 6.156781152000000293e+04
6.670000000000000000e+02 6.022751713000000018e+04
6.680000000000000000e+02 5.892723378999999841e+04
6.690000000000000000e+02 5.764696150999999372e+04
6.700000000000000000e+02 5.639669928999999684e+04
6.710000000000000000e+02 5.517644712000000436e+04
6.720000000000000000e+02 5.397620399999999790e+04
6.730000000000000000e+02 5.280597093000000314e+04
6.740000000000000000e+02 5.166574590000000171e+04
6.750000000000000000e+02 5.054552992000000086e+04
6.760000000000000000e+02 4.944532198000000062e+04
6.770000000000000000e+02 4.837512208000000101e+04
6.780000000000000000e+02 4.733492922000000544e+04
6.790000000000000000e+02 4.630474440000000322e+04
6.800000000000000000e+02 4.530456561000000511e+04
6.810000000000000000e+02 4.432439486000000034e+04
6.820000000000000000e+02 4.336422914000000310e+04
6.830000000000000000e+02 4.243407044999999925e+04
6.840000000000000000e+02 4.151391778999999951e+04
6.850000000000000000e+02 4.061377115999999660e+04
6.860000000000000000e+02 3.974362955000000511e+04
6.870000000000000000e+02 3.888349397000000317e+04
6.880000000000000000e+02 3.804336241999999766e+04
6.890000000000000000e+02 3.722323689000000013e+04
6.900000000000000000e+02 3.642311538000000292e+04
6.910000000000000000e+02 3.563299889999999868e+04
6.920000000000000000e+02 3.486288642999999865e+04
6.930000000000000000e+02 3.411277898599999753e+04
6.940000000000000000e+02 3.338267455999999947e+04
6.950000000000000000e+02 3.266257415299999775e+04
6.960000000000000000e+02 3.195247776300000260e+04
6.970000000000000000e+02 3.127238538999999946e+04
6.980000000000000000e+02 3.059229603299999872e+04
6.990000000000000000e+02 2.994221069100000022e+04
7.000000000000000000e+02 2.929212836299999981e+04
7.010000000000000000e+02 2.866204905000000144e+04
7.020000000000000000e+02 2.805197175000000061e+04
7.030000000000000000e+02 2.744189846300000136e+04
7.040000000000000000e+02 2.685182818899999984e+04
7.050000000000000000e+02 2.628175992600000245e+04
7.060000000000000000e+02 2.571169367399999828e+04
7.070000000000000000e+02 2.516163043299999845e+04
7.080000000000000000e+02 2.462157020199999897e+04
7.090000000000000000e+02 2.409151198099999965e+04
7.100000000000000000e+02 2.358145477000000028e+04
7.110000000000000000e+02 2.307140056800000093e+04
7.120000000000000000e+02 2.258134837400000106e+04
7.130000000000000000e+02 2.209129818900000100e+04
7.140000000000000000e+02 2.162125001100000009e+04
7.150000000000000000e+02 2.116120384100000228e+04
7.160000000000000000e+02 2.070115867799999978e+04
7.170000000000000000e+02 2.026111552200000006e+04
7.180000000000000000e+02 1.983107437299999947e+04
7.190000000000000000e+02 1.940103423099999782e+04
7.200000000000000000e+02 1.899099619399999938e+04
7.210000000000000000e+02 1.858095916299999953e+04
7.220000000000000000e+02 1.818092353799999910e+04
7.230000000000000000e+02 1.779088931800000137e+04
7.240000000000000000e+02 1.741085630300000048e+04
7.250000000000000000e+02 1.704082449300000007e+04
7.260000000000000000e+02 1.668079398700000093e+04
7.270000000000000000e+02 1.632076448699999855e+04
7.280000000000000000e+02 1.597073618999999962e+04
7.290000000000000000e+02 1.563070889800000077e+04
7.300000000000000000e+02 1.530068260899999950e+04
7.310000000000000000e+02 1.497065732399999979e+04
7.320000000000000000e+02 1.465063304299999982e+04
7.330000000000000000e+02 1.434060956500000066e+04
7.340000000000000000e+02 1.404058709099999942e+04
7.350000000000000000e+02 1.374056531999999970e+04
7.360000000000000000e+02 1.345054445200000009e+04
7.370000000000000000e+02 1.316052428599999985e+04
7.380000000000000000e+02 1.288050492400000076e+04
7.390000000000000000e+02 1.261048626399999921e+04
7.400000000000000000e+02 1.234046830600000067e+04
7.410000000000000000e+02 1.207045105100000001e+04
7.420000000000000000e+02 1.182043439899999976e+04
7.430000000000000000e+02 1.157041834799999924e+04
7.440000000000000000e+02 1.132040289999999914e+04
7.450000000000000000e+02 1.108038805400000092e+04
7.460000000000000000e+02 1.085037370999999985e+04
7.470000000000000000e+02 1.062035996710000109e+04
7.480000000000000000e+02 1.039034672649999993e+04
7.490000000000000000e+02 1.017033388759999980e+04
7.500000000000000000e+02 9.954321650300000329e+03
7.510000000000000000e+02 9.743309814700000061e+03
7.520000000000000000e+02 9.536298380500000349e+03
7.530000000000000000e+02 9.334287347800000134e+03
7.540000000000000000e+02 9.137276816399999007e+03
7.550000000000000000e+02 8.943266586400000961e+03
7.560000000000000000e+02 8.754256857599999421e+03
7.570000000000000000e+02 8.568247430100000201e+03
7.580000000000000000e+02 8.387238303699999960e+03
7.590000000000000000e+02 8.210229578399999809e+03
7.600000000000000000e+02 8.036221054200000253e+03
7.610000000000000000e+02 7.866213030999999319e+03
7.620000000000000000e+02 7.700205208800000037e+03
7.630000000000000000e+02 7.537197587500000736e+03
7.640000000000000000e+02 7.378190367199999855e+03
7.650000000000000000e+02 7.222183447600000363e+03
7.660000000000000000e+02 7.069176628899999741e+03
7.670000000000000000e+02 6.920170210999999654e+03
7.680000000000000000e+02 6.774163993799999844e+03
7.690000000000000000e+02 6.631157977399999254e+03
7.700000000000000000e+02 6.491152161599999999e+03
7.710000000000000000e+02 6.355146546599999965e+03
7.720000000000000000e+02 6.221141232100000707e+03
7.730000000000000000e+02 6.089136018199999853e+03
7.740000000000000000e+02 5.961131104999999479e+03
7.750000000000000000e+02 5.836126292300000387e+03
7.760000000000000000e+02 5.713121680100000049e+03
7.770000000000000000e+02 5.592117168400000082e+03
7.780000000000000000e+02 5.475112957199999983e+03
7.790000000000000000e+02 5.360108846499999345e+03
7.800000000000000000e+02 5.247104836299999988e+03
7.810000000000000000e+02 5.137101026400000592e+03
7.820000000000000000e+02 5.029097316999999748e+03
7.830000000000000000e+02 4.923093768000000637e+03
7.840000000000000000e+02 4.819090339299999869e+03
7.850000000000000000e+02 4.718087051100000281e+03
7.860000000000000000e+02 4.619083873100000346e+03
7.870000000000000000e+02 4.522080815500000426e+03
7.880000000000000000e+02 4.427077868200000012e+03
7.890000000000000000e+02 4.334075031200000012e+03
7.900000000000000000e+02 4.243072294499999771e+03
7.910000000000000000e+02 4.154069668099999944e+03
7.920000000000000000e+02 4.067067131999999674e+03
7.930000000000000000e+02 3.982064686100000017e+03
7.940000000000000000e+02 3.899062330400000064e+03
7.950000000000000000e+02 3.817060065000000122e+03
7.960000000000000000e+02 3.737057879899999989e+03
7.970000000000000000e+02 3.659055774899999960e+03
7.980000000000000000e+02 3.582053750099999888e+03
7.990000000000000000e+02 3.507051795599999878e+03
8.000000000000000000e+02 3.434049911199999769e+03
8.010000000000000000e+02 3.362048097019999659e+03
8.020000000000000000e+02 3.292046353000000181e+03
8.030000000000000000e+02 3.223044669150000118e+03
8.040000000000000000e+02 3.156043045470000379e+03
8.050000000000000000e+02 3.090041491929999665e+03
8.060000000000000000e+02 3.025039988550000089e+03
8.070000000000000000e+02 2.962038535300000149e+03
8.080000000000000000e+02 2.900037132190000193e+03
8.090000000000000000e+02 2.840035789210000075e+03
8.100000000000000000e+02 2.781034496350000154e+03
8.110000000000000000e+02 2.723033243609999772e+03
8.120000000000000000e+02 2.666032040990000041e+03
8.130000000000000000e+02 2.610030878470000061e+03
8.140000000000000000e+02 2.556029766059999929e+03
8.150000000000000000e+02 2.503028683749999800e+03
8.160000000000000000e+02 2.450027651540000079e+03
8.170000000000000000e+02 2.399026649410000118e+03
8.180000000000000000e+02 2.350025687379999908e+03
8.190000000000000000e+02 2.301024755429999914e+03
8.200000000000000000e+02 2.253023863559999882e+03
8.210000000000000000e+02 2.206023001759999715e+03
8.220000000000000000e+02 2.160022170039999764e+03
8.230000000000000000e+02 2.115021368400000028e+03
8.240000000000000000e+02 2.071020596819999810e+03
8.250000000000000000e+02 2.028019855300000017e+03
8.260000000000000000e+02 1.986019143849999864e+03
8.270000000000000000e+02 1.945018452460000162e+03
8.280000000000000000e+02 1.904017781130000003e+03
8.290000000000000000e+02 1.865017139849999921e+03
8.300000000000000000e+02 1.826016528619999917e+03
8.310000000000000000e+02 1.788015927450000163e+03
8.320000000000000000e+02 1.751015356319999910e+03
8.330000000000000000e+02 1.715014805239999987e+03
8.340000000000000000e+02 1.679014274209999940e+03
8.350000000000000000e+02 1.645013753210000004e+03
8.360000000000000000e+02 1.611013262259999919e+03
8.370000000000000000e+02 1.577012781350000068e+03
8.380000000000000000e+02 1.545012330480000173e+03
8.390000000000000000e+02 1.513011879639999961e+03
8.400000000000000000e+02 1.481011458830000038e+03
8.410000000000000000e+02 1.451011048059999894e+03
8.420000000000000000e+02 1.421010647320000089e+03
8.430000000000000000e+02 1.391010266610000144e+03
8.440000000000000000e+02 1.363009897930000079e+03
8.450000000000000000e+02 1.334009542280000005e+03
8.460000000000000000e+02 1.307009199659999922e+03
8.470000000000000000e+02 1.280008870059999936e+03
8.480000000000000000e+02 1.253008552479999935e+03
8.490000000000000000e+02 1.228008245929999930e+03
8.500000000000000000e+02 1.202007950409999921e+03
8.510000000000000000e+02 1.177007664899999781e+03
8.520000000000000000e+02 1.153007390409999971e+03
8.530000000000000000e+02 1.129007125950000045e+03
8.540000000000000000e+02 1.106006871499999988e+03
8.550000000000000000e+02 1.083006625069999927e+03
8.560000000000000000e+02 1.061006388661999836e+03
8.570000000000000000e+02 1.039006159267999919e+03
8.580000000000000000e+02 1.018005939891000025e+03
8.590000000000000000e+02 9.969057275279999430e+02
8.600000000000000000e+02 9.763055221809999011e+02
8.610000000000000000e+02 9.563053248479999411e+02
8.620000000000000000e+02 9.366051345289999972e+02
8.630000000000000000e+02 9.173049512219999997e+02
8.640000000000000000e+02 8.985047749279999607e+02
8.650000000000000000e+02 8.800046046469999510e+02
8.660000000000000000e+02 8.620044403759999341e+02
8.670000000000000000e+02 8.443042821169999570e+02
8.680000000000000000e+02 8.269041288680000434e+02
8.690000000000000000e+02 8.099039816299999757e+02
8.700000000000000000e+02 7.933038404009998885e+02
8.710000000000000000e+02 7.771037031820000038e+02
8.720000000000000000e+02 7.611035709720000568e+02
8.730000000000000000e+02 7.455034437699999899e+02
8.740000000000000000e+02 7.302033215760001212e+02
8.750000000000000000e+02 7.153032033909998972e+02
8.760000000000000000e+02 7.006030892130000893e+02
8.770000000000000000e+02 6.863029790419999472e+02
8.780000000000000000e+02 6.722028738780001049e+02
8.790000000000000000e+02 6.585027717209999309e+02
8.800000000000000000e+02 6.450026725699999588e+02
8.810000000000000000e+02 6.318025774259999707e+02
8.820000000000000000e+02 6.189024862869999879e+02
8.830000000000000000e+02 6.062023981539999795e+02
8.840000000000000000e+02 5.938023130259998652e+02
8.850000000000000000e+02 5.817022309039999755e+02
8.860000000000000000e+02 5.698021517859999676e+02
8.870000000000000000e+02 5.582020756740000706e+02
8.880000000000000000e+02 5.468020015659999444e+02
8.890000000000000000e+02 5.356019304620000412e+02
8.900000000000000000e+02 5.247018623630000320e+02
8.910000000000000000e+02 5.140017962670000315e+02
8.920000000000000000e+02 5.035017331760000161e+02
8.930000000000000000e+02 4.932016710879999550e+02
8.940000000000000000e+02 4.832016120040000260e+02
8.950000000000000000e+02 4.733015549230000261e+02
8.960000000000000000e+02 4.637014998450000007e+02
8.970000000000000000e+02 4.542014467709999508e+02
8.980000000000000000e+02 4.450013956989999997e+02
8.990000000000000000e+02 4.359013466309999671e+02
9.000000000000000000e+02 4.271012985650000360e+02
9.010000000000000000e+02 4.184012525019999771e+02
9.020000000000000000e+02 4.099012084419999837e+02
9.030000000000000000e+02 4.015011663839999869e+02
9.040000000000000000e+02 3.934011253279999778e+02
9.050000000000000000e+02 3.854010852749999572e+02
9.060000000000000000e+02 3.775010472230000005e+02
9.070000000000000000e+02 3.699010101739999641e+02
9.080000000000000000e+02 3.624009742270000061e+02
9.090000000000000000e+02 3.550009398819999547e+02
9.100000000000000000e+02 3.478009067379999806e+02
9.110000000000000000e+02 3.407008747964000008e+02
9.120000000000000000e+02 3.338008439564000014e+02
9.130000000000000000e+02 3.271008143180000616e+02
9.140000000000000000e+02 3.204007855811999548e+02
9.150000000000000000e+02 3.139007579457999668e+02
9.160000000000000000e+02 3.076007313119000059e+02
9.170000000000000000e+02 3.013007055793000291e+02
9.180000000000000000e+02 2.952006807480999555e+02
9.190000000000000000e+02 2.893006568181000375e+02
9.200000000000000000e+02 2.834006336892999798e+02
9.210000000000000000e+02 2.777006114617000208e+02
9.220000000000000000e+02 2.721005899352000483e+02
9.230000000000000000e+02 2.666005692098000281e+02
9.240000000000000000e+02 2.612005491854000070e+02
9.250000000000000000e+02 2.559005299619000198e+02
9.260000000000000000e+02 2.507005113393999807e+02
9.270000000000000000e+02 2.456004934178999974e+02
9.280000000000000000e+02 2.407004760971999815e+02
9.290000000000000000e+02 2.358004593773000295e+02
9.300000000000000000e+02 2.311004432581999879e+02
9.310000000000000000e+02 2.264004277399000102e+02
9.320000000000000000e+02 2.218004127222999955e+02
9.330000000000000000e+02 2.174003983055000049e+02
9.340000000000000000e+02 2.130003842893000012e+02
9.350000000000000000e+02 2.087003708736999954e+02
9.360000000000000000e+02 2.045003578588000153e+02
9.370000000000000000e+02 2.004003453445000105e+02
9.380000000000000000e+02 1.963003333308000151e+02
9.390000000000000000e+02 1.924003216176000137e+02
9.400000000000000000e+02 1.885003104049000058e+02
9.410000000000000000e+02 1.847002994927999850e+02
9.420000000000000000e+02 1.810002890810999929e+02
9.430000000000000000e+02 1.773002789699000061e+02
9.440000000000000000e+02 1.738002692592000074e+02
9.450000000000000000e+02 1.703002598488999979e+02
9.460000000000000000e+02 1.669002507390000005e+02
9.470000000000000000e+02 1.635002420294999865e+02
9.480000000000000000e+02 1.602002335202999745e+02
9.490000000000000000e+02 1.570002254115999847e+02
9.500000000000000000e+02 1.539002175031999968e+02
9.510000000000000000e+02 1.508002099951000048e+02
9.520000000000000000e+02 1.477002026872999920e+02
9.530000000000000000e+02 1.448001955799000200e+02
9.540000000000000000e+02 1.419001887727999929e+02
9.550000000000000000e+02 1.390001821658999859e+02
9.560000000000000000e+02 1.362001758592999749e+02
9.570000000000000000e+02 1.335001697529999944e+02
9.580000000000000000e+02 1.308001638469000056e+02
9.590000000000000000e+02 1.282001581410999904e+02
9.600000000000000000e+02 1.257001526355000038e+02
9.610000000000000000e+02 1.231001473301000004e+02
9.620000000000000000e+02 1.207001422250000076e+02
9.630000000000000000e+02 1.183001372199999963e+02
9.640000000000000000e+02 1.159001325153000010e+02
9.650000000000000000e+02 1.136001279106999959e+02
9.660000000000000000e+02 1.113001234063000027e+02
9.670000000000000000e+02 1.091001192021000037e+02
9.680000000000000000e+02 1.069001149980799994e+02
9.690000000000000000e+02 1.048001109941999971e+02
9.700000000000000000e+02 1.027001071904699927e+02
9.710000000000000000e+02 1.006001034868999966e+02
9.720000000000000000e+02 9.862009987345999207e+01
9.730000000000000000e+02 9.665009641017000774e+01
9.740000000000000000e+02 9.472009307700000136e+01
9.750000000000000000e+02 9.283008984395999619e+01
9.760000000000000000e+02 9.098008674104001159e+01
9.770000000000000000e+02 8.917008373823999534e+01
9.780000000000000000e+02 8.739008083553999029e+01
9.790000000000000000e+02 8.565007804296000415e+01
9.800000000000000000e+02 8.394007534048000707e+01
9.810000000000000000e+02 8.227007273808999344e+01
9.820000000000000000e+02 8.064007021580000867e+01
9.830000000000000000e+02 7.903006779360001133e+01
9.840000000000000000e+02 7.746006545148999578e+01
9.850000000000000000e+02 7.592006318945999510e+01
9.860000000000000000e+02 7.441006100751999952e+01
9.870000000000000000e+02 7.293005889565000643e+01
9.880000000000000000e+02 7.148005686384999535e+01
9.890000000000000000e+02 7.006005490213000542e+01
9.900000000000000000e+02 6.867005301046999932e+01
9.910000000000000000e+02 6.731005117888000200e+01
9.920000000000000000e+02 6.597004941734999761e+01
9.930000000000000000e+02 6.466004771587999755e+01
9.940000000000000000e+02 6.338004606447000100e+01
9.950000000000000000e+02 6.212004448311999738e+01
9.960000000000000000e+02 6.089004295181999993e+01
9.970000000000000000e+02 5.968004147056999642e+01
9.980000000000000000e+02 5.850004003936999908e+01
9.990000000000000000e+02 5.734003866822000361e+01
1.000000000000000000e+03 5.620003733711000393e+01
