# Obtained from 
# http://ccmc.gsfc.nasa.gov/cgi-bin/modelweb/models/vitmo_model.cgi
# On Fri, Oct. 8 2010
#
# Input parameters 
# year= 2000, month= 01, day= 01, hour=1.5, 
# Time_type = Universal
# Coordinate_type = Geographic
# latitude= 55., longitude= 45., height= 100.
# Prof. parameters: start= 900. stop= 1000. step= 1. 
# Optional parametes: F10.7(daily) =not specifyed; F10.7(3-month avg) =not 
# specifyed; ap(daily) = not specifyed 
#
#    Selected parameters are:
# 1 Height, km
# 2 O, cm-3 
# 3 N2, cm-3
# 4 O2, cm-3
# 5 Temperature_neutral, K
    0.0  0.000E+00  2.109E+19  5.658E+18  272.1
    1.0  0.000E+00  1.881E+19  5.046E+18  268.9
    2.0  0.000E+00  1.688E+19  4.528E+18  263.6
    3.0  0.000E+00  1.519E+19  4.074E+18  256.9
    4.0  0.000E+00  1.366E+19  3.665E+18  249.6
    5.0  0.000E+00  1.226E+19  3.289E+18  242.1
    6.0  0.000E+00  1.095E+19  2.938E+18  234.8
    7.0  0.000E+00  9.723E+18  2.609E+18  228.3
    8.0  0.000E+00  8.571E+18  2.299E+18  222.6
    9.0  0.000E+00  7.494E+18  2.010E+18  218.1
   10.0  0.000E+00  6.497E+18  1.743E+18  214.9
   11.0  0.000E+00  5.586E+18  1.499E+18  213.2
   12.0  0.000E+00  4.776E+18  1.281E+18  212.4
   13.0  0.000E+00  4.071E+18  1.092E+18  212.3
   14.0  0.000E+00  3.467E+18  9.300E+17  212.4
   15.0  0.000E+00  2.956E+18  7.929E+17  212.2
   16.0  0.000E+00  2.526E+18  6.776E+17  211.5
   17.0  0.000E+00  2.161E+18  5.798E+17  210.4
   18.0  0.000E+00  1.850E+18  4.962E+17  209.1
   19.0  0.000E+00  1.581E+18  4.242E+17  207.8
   20.0  0.000E+00  1.349E+18  3.619E+17  206.7
   21.0  0.000E+00  1.148E+18  3.080E+17  206.0
   22.0  0.000E+00  9.750E+17  2.616E+17  205.8
   23.0  0.000E+00  8.264E+17  2.217E+17  205.9
   24.0  0.000E+00  6.993E+17  1.876E+17  206.3
   25.0  0.000E+00  5.912E+17  1.586E+17  207.2
   26.0  0.000E+00  4.993E+17  1.339E+17  208.4
   27.0  0.000E+00  4.215E+17  1.131E+17  209.9
   28.0  0.000E+00  3.557E+17  9.544E+16  211.7
   29.0  0.000E+00  3.003E+17  8.055E+16  213.9
   30.0  0.000E+00  2.535E+17  6.801E+16  216.5
   31.0  0.000E+00  2.142E+17  5.746E+16  219.4
   32.0  0.000E+00  1.811E+17  4.858E+16  222.7
   33.0  0.000E+00  1.533E+17  4.112E+16  226.2
   34.0  0.000E+00  1.300E+17  3.488E+16  229.9
   35.0  0.000E+00  1.106E+17  2.967E+16  233.6
   36.0  0.000E+00  9.434E+16  2.531E+16  237.3
   37.0  0.000E+00  8.068E+16  2.164E+16  240.9
   38.0  0.000E+00  6.920E+16  1.856E+16  244.4
   39.0  0.000E+00  5.952E+16  1.597E+16  247.7
   40.0  0.000E+00  5.134E+16  1.377E+16  250.7
   41.0  0.000E+00  4.442E+16  1.192E+16  253.5
   42.0  0.000E+00  3.854E+16  1.034E+16  255.9
   43.0  0.000E+00  3.354E+16  8.996E+15  258.0
   44.0  0.000E+00  2.926E+16  7.851E+15  259.5
   45.0  0.000E+00  2.561E+16  6.870E+15  260.5
   46.0  0.000E+00  2.247E+16  6.028E+15  260.9
   47.0  0.000E+00  1.976E+16  5.300E+15  260.8
   48.0  0.000E+00  1.740E+16  4.668E+15  260.2
   49.0  0.000E+00  1.534E+16  4.116E+15  259.2
   50.0  0.000E+00  1.354E+16  3.632E+15  257.9
   51.0  0.000E+00  1.195E+16  3.206E+15  256.4
   52.0  0.000E+00  1.055E+16  2.830E+15  254.6
   53.0  0.000E+00  9.307E+15  2.497E+15  252.8
   54.0  0.000E+00  8.206E+15  2.201E+15  250.9
   55.0  0.000E+00  7.228E+15  1.939E+15  249.0
   56.0  0.000E+00  6.359E+15  1.706E+15  247.2
   57.0  0.000E+00  5.588E+15  1.499E+15  245.4
   58.0  0.000E+00  4.906E+15  1.316E+15  243.7
   59.0  0.000E+00  4.301E+15  1.154E+15  242.1
   60.0  0.000E+00  3.767E+15  1.011E+15  240.6
   61.0  0.000E+00  3.296E+15  8.842E+14  239.1
   62.0  0.000E+00  2.880E+15  7.727E+14  237.7
   63.0  0.000E+00  2.515E+15  6.746E+14  236.3
   64.0  0.000E+00  2.194E+15  5.882E+14  235.0
   65.0  0.000E+00  1.911E+15  5.124E+14  233.8
   66.0  0.000E+00  1.664E+15  4.459E+14  232.7
   67.0  0.000E+00  1.447E+15  3.877E+14  231.6
   68.0  0.000E+00  1.258E+15  3.369E+14  230.6
   69.0  0.000E+00  1.092E+15  2.924E+14  229.6
   70.0  0.000E+00  9.474E+14  2.536E+14  228.7
   71.0  0.000E+00  8.213E+14  2.198E+14  227.9
   72.0  0.000E+00  7.115E+14  1.903E+14  227.1
   73.0  2.335E+07  6.179E+14  1.652E+14  226.4
   74.0  5.145E+07  5.350E+14  1.430E+14  225.5
   75.0  1.118E+08  4.634E+14  1.238E+14  224.5
   76.0  2.380E+08  4.014E+14  1.072E+14  223.3
   77.0  4.944E+08  3.476E+14  9.274E+13  221.9
   78.0  9.966E+08  3.009E+14  8.023E+13  220.4
   79.0  1.942E+09  2.604E+14  6.937E+13  218.9
   80.0  3.646E+09  2.252E+14  5.993E+13  217.2
   81.0  6.580E+09  1.946E+14  5.173E+13  215.4
   82.0  1.139E+10  1.681E+14  4.461E+13  213.6
   83.0  1.891E+10  1.450E+14  3.843E+13  211.7
   84.0  3.007E+10  1.250E+14  3.306E+13  209.8
   85.0  4.581E+10  1.076E+14  2.840E+13  207.8
   86.0  6.693E+10  9.246E+13  2.436E+13  205.8
   87.0  9.387E+10  7.937E+13  2.086E+13  203.8
   88.0  1.266E+11  6.804E+13  1.783E+13  201.8
   89.0  1.644E+11  5.824E+13  1.521E+13  199.8
   90.0  2.060E+11  4.978E+13  1.295E+13  197.9
   91.0  2.495E+11  4.247E+13  1.100E+13  195.9
   92.0  2.929E+11  3.617E+13  9.317E+12  194.0
   93.0  3.339E+11  3.074E+13  7.872E+12  192.3
   94.0  3.702E+11  2.607E+13  6.631E+12  190.7
   95.0  4.003E+11  2.205E+13  5.567E+12  189.4
   96.0  4.228E+11  1.861E+13  4.658E+12  188.3
   97.0  4.374E+11  1.567E+13  3.884E+12  187.5
   98.0  4.439E+11  1.317E+13  3.227E+12  187.1
   99.0  4.430E+11  1.104E+13  2.672E+12  187.1
  100.0  4.353E+11  9.231E+12  2.205E+12  187.5
  101.0  4.222E+11  7.707E+12  1.813E+12  188.5
  102.0  4.047E+11  6.426E+12  1.486E+12  189.9
  103.0  3.841E+11  5.352E+12  1.215E+12  191.9
  104.0  3.614E+11  4.455E+12  9.911E+11  194.4
  105.0  3.377E+11  3.708E+12  8.069E+11  197.6
  106.0  3.136E+11  3.086E+12  6.561E+11  201.4
  107.0  2.897E+11  2.570E+12  5.328E+11  206.0
  108.0  2.664E+11  2.141E+12  4.324E+11  211.3
  109.0  2.439E+11  1.786E+12  3.508E+11  217.6
  110.0  2.225E+11  1.491E+12  2.846E+11  224.9
  111.0  2.023E+11  1.246E+12  2.310E+11  233.5
  112.0  1.835E+11  1.043E+12  1.878E+11  243.3
  113.0  1.660E+11  8.756E+11  1.529E+11  254.4
  114.0  1.501E+11  7.372E+11  1.249E+11  266.8
  115.0  1.356E+11  6.229E+11  1.024E+11  280.4
  116.0  1.225E+11  5.286E+11  8.436E+10  295.3
  117.0  1.108E+11  4.508E+11  6.988E+10  311.3
  118.0  1.005E+11  3.867E+11  5.826E+10  328.1
  119.0  9.136E+10  3.339E+11  4.894E+10  345.3
  120.0  8.347E+10  2.905E+11  4.147E+10  362.3
  121.0  7.673E+10  2.550E+11  3.549E+10  378.4
  122.0  7.109E+10  2.262E+11  3.072E+10  392.5
  123.0  6.659E+10  2.033E+11  2.697E+10  402.9
  124.0  6.262E+10  1.837E+11  2.383E+10  412.1
  125.0  5.897E+10  1.665E+11  2.113E+10  421.1
  126.0  5.561E+10  1.513E+11  1.882E+10  429.8
  127.0  5.251E+10  1.378E+11  1.682E+10  438.2
  128.0  4.964E+10  1.258E+11  1.508E+10  446.4
  129.0  4.699E+10  1.152E+11  1.356E+10  454.3
  130.0  4.454E+10  1.056E+11  1.223E+10  461.9
  131.0  4.225E+10  9.708E+10  1.106E+10  469.4
  132.0  4.013E+10  8.938E+10  1.003E+10  476.6
  133.0  3.815E+10  8.243E+10  9.121E+09  483.6
  134.0  3.630E+10  7.614E+10  8.311E+09  490.3
  135.0  3.458E+10  7.044E+10  7.590E+09  496.9
  136.0  3.296E+10  6.526E+10  6.944E+09  503.2
  137.0  3.145E+10  6.055E+10  6.366E+09  509.4
  138.0  3.003E+10  5.625E+10  5.846E+09  515.4
  139.0  2.870E+10  5.231E+10  5.378E+09  521.1
  140.0  2.744E+10  4.871E+10  4.954E+09  526.8
  141.0  2.626E+10  4.541E+10  4.571E+09  532.2
  142.0  2.515E+10  4.237E+10  4.223E+09  537.5
  143.0  2.410E+10  3.958E+10  3.906E+09  542.6
  144.0  2.311E+10  3.701E+10  3.618E+09  547.5
  145.0  2.217E+10  3.463E+10  3.354E+09  552.3
  146.0  2.129E+10  3.244E+10  3.113E+09  557.0
  147.0  2.045E+10  3.040E+10  2.893E+09  561.5
  148.0  1.965E+10  2.852E+10  2.690E+09  565.8
  149.0  1.890E+10  2.678E+10  2.504E+09  570.1
  150.0  1.818E+10  2.516E+10  2.333E+09  574.2
  151.0  1.750E+10  2.365E+10  2.175E+09  578.1
  152.0  1.685E+10  2.225E+10  2.030E+09  582.0
  153.0  1.624E+10  2.094E+10  1.895E+09  585.7
  154.0  1.565E+10  1.972E+10  1.771E+09  589.4
  155.0  1.509E+10  1.859E+10  1.656E+09  592.9
  156.0  1.456E+10  1.753E+10  1.550E+09  596.3
  157.0  1.405E+10  1.653E+10  1.451E+09  599.6
  158.0  1.356E+10  1.561E+10  1.359E+09  602.8
  159.0  1.309E+10  1.474E+10  1.274E+09  605.9
  160.0  1.265E+10  1.392E+10  1.194E+09  608.9
  161.0  1.222E+10  1.315E+10  1.121E+09  611.8
  162.0  1.182E+10  1.243E+10  1.052E+09  614.6
  163.0  1.142E+10  1.176E+10  9.879E+08  617.4
  164.0  1.105E+10  1.113E+10  9.281E+08  620.0
  165.0  1.069E+10  1.054E+10  8.724E+08  622.6
  166.0  1.035E+10  9.981E+09  8.203E+08  625.1
  167.0  1.001E+10  9.456E+09  7.716E+08  627.5
  168.0  9.696E+09  8.962E+09  7.261E+08  629.9
  169.0  9.390E+09  8.497E+09  6.835E+08  632.1
  170.0  9.096E+09  8.058E+09  6.436E+08  634.3
  171.0  8.813E+09  7.644E+09  6.063E+08  636.5
  172.0  8.541E+09  7.254E+09  5.713E+08  638.6
  173.0  8.279E+09  6.886E+09  5.385E+08  640.6
  174.0  8.027E+09  6.538E+09  5.077E+08  642.5
  175.0  7.783E+09  6.209E+09  4.788E+08  644.4
  176.0  7.549E+09  5.898E+09  4.517E+08  646.2
  177.0  7.323E+09  5.604E+09  4.263E+08  648.0
  178.0  7.105E+09  5.326E+09  4.024E+08  649.7
  179.0  6.895E+09  5.063E+09  3.799E+08  651.4
  180.0  6.692E+09  4.814E+09  3.587E+08  653.0
  181.0  6.496E+09  4.579E+09  3.389E+08  654.6
  182.0  6.307E+09  4.355E+09  3.201E+08  656.1
  183.0  6.124E+09  4.144E+09  3.025E+08  657.6
  184.0  5.947E+09  3.943E+09  2.859E+08  659.0
  185.0  5.777E+09  3.753E+09  2.703E+08  660.4
  186.0  5.612E+09  3.573E+09  2.556E+08  661.8
  187.0  5.452E+09  3.402E+09  2.417E+08  663.1
  188.0  5.297E+09  3.239E+09  2.287E+08  664.3
  189.0  5.148E+09  3.085E+09  2.163E+08  665.6
  190.0  5.003E+09  2.939E+09  2.047E+08  666.7
  191.0  4.863E+09  2.800E+09  1.937E+08  667.9
  192.0  4.728E+09  2.668E+09  1.834E+08  669.0
  193.0  4.596E+09  2.543E+09  1.736E+08  670.1
  194.0  4.469E+09  2.423E+09  1.644E+08  671.2
  195.0  4.346E+09  2.310E+09  1.557E+08  672.2
  196.0  4.226E+09  2.203E+09  1.474E+08  673.2
  197.0  4.111E+09  2.100E+09  1.397E+08  674.1
  198.0  3.998E+09  2.003E+09  1.323E+08  675.1
  199.0  3.890E+09  1.910E+09  1.254E+08  676.0
  200.0  3.784E+09  1.822E+09  1.188E+08  676.8
  201.0  3.682E+09  1.738E+09  1.126E+08  677.7
  202.0  3.582E+09  1.658E+09  1.067E+08  678.5
  203.0  3.486E+09  1.582E+09  1.012E+08  679.3
  204.0  3.392E+09  1.510E+09  9.593E+07  680.1
  205.0  3.302E+09  1.441E+09  9.096E+07  680.8
  206.0  3.213E+09  1.375E+09  8.625E+07  681.6
  207.0  3.128E+09  1.313E+09  8.180E+07  682.3
  208.0  3.045E+09  1.253E+09  7.759E+07  682.9
  209.0  2.964E+09  1.197E+09  7.360E+07  683.6
  210.0  2.886E+09  1.143E+09  6.982E+07  684.3
  211.0  2.810E+09  1.091E+09  6.624E+07  684.9
  212.0  2.736E+09  1.042E+09  6.285E+07  685.5
  213.0  2.664E+09  9.951E+08  5.964E+07  686.1
  214.0  2.594E+09  9.504E+08  5.660E+07  686.6
  215.0  2.526E+09  9.078E+08  5.371E+07  687.2
  216.0  2.460E+09  8.672E+08  5.098E+07  687.7
  217.0  2.396E+09  8.285E+08  4.839E+07  688.2
  218.0  2.334E+09  7.915E+08  4.594E+07  688.8
  219.0  2.273E+09  7.563E+08  4.361E+07  689.2
  220.0  2.215E+09  7.227E+08  4.141E+07  689.7
  221.0  2.157E+09  6.906E+08  3.932E+07  690.2
  222.0  2.102E+09  6.600E+08  3.733E+07  690.6
  223.0  2.047E+09  6.307E+08  3.545E+07  691.1
  224.0  1.995E+09  6.028E+08  3.367E+07  691.5
  225.0  1.943E+09  5.762E+08  3.198E+07  691.9
  226.0  1.894E+09  5.508E+08  3.037E+07  692.3
  227.0  1.845E+09  5.265E+08  2.885E+07  692.7
  228.0  1.798E+09  5.033E+08  2.741E+07  693.0
  229.0  1.752E+09  4.812E+08  2.604E+07  693.4
  230.0  1.707E+09  4.601E+08  2.474E+07  693.7
  231.0  1.664E+09  4.399E+08  2.350E+07  694.1
  232.0  1.621E+09  4.206E+08  2.233E+07  694.4
  233.0  1.580E+09  4.022E+08  2.122E+07  694.7
  234.0  1.540E+09  3.846E+08  2.016E+07  695.0
  235.0  1.501E+09  3.678E+08  1.916E+07  695.3
  236.0  1.463E+09  3.518E+08  1.821E+07  695.6
  237.0  1.426E+09  3.364E+08  1.731E+07  695.9
  238.0  1.390E+09  3.218E+08  1.645E+07  696.2
  239.0  1.355E+09  3.078E+08  1.563E+07  696.5
  240.0  1.321E+09  2.944E+08  1.486E+07  696.7
  241.0  1.288E+09  2.816E+08  1.413E+07  697.0
  242.0  1.255E+09  2.694E+08  1.343E+07  697.2
  243.0  1.224E+09  2.577E+08  1.277E+07  697.4
  244.0  1.193E+09  2.466E+08  1.214E+07  697.7
  245.0  1.163E+09  2.359E+08  1.154E+07  697.9
  246.0  1.134E+09  2.257E+08  1.097E+07  698.1
  247.0  1.106E+09  2.159E+08  1.043E+07  698.3
  248.0  1.078E+09  2.066E+08  9.917E+06  698.5
  249.0  1.051E+09  1.977E+08  9.430E+06  698.7
  250.0  1.025E+09  1.892E+08  8.967E+06  698.9
  251.0  9.993E+08  1.810E+08  8.528E+06  699.1
  252.0  9.744E+08  1.732E+08  8.110E+06  699.3
  253.0  9.502E+08  1.658E+08  7.712E+06  699.5
  254.0  9.265E+08  1.586E+08  7.335E+06  699.6
  255.0  9.035E+08  1.518E+08  6.976E+06  699.8
  256.0  8.811E+08  1.453E+08  6.635E+06  699.9
  257.0  8.592E+08  1.391E+08  6.311E+06  700.1
  258.0  8.379E+08  1.331E+08  6.003E+06  700.2
  259.0  8.171E+08  1.274E+08  5.710E+06  700.4
  260.0  7.969E+08  1.220E+08  5.431E+06  700.5
  261.0  7.772E+08  1.167E+08  5.167E+06  700.7
  262.0  7.580E+08  1.117E+08  4.915E+06  700.8
  263.0  7.393E+08  1.070E+08  4.676E+06  700.9
  264.0  7.210E+08  1.024E+08  4.448E+06  701.1
  265.0  7.032E+08  9.803E+07  4.232E+06  701.2
  266.0  6.859E+08  9.384E+07  4.027E+06  701.3
  267.0  6.690E+08  8.984E+07  3.831E+06  701.4
  268.0  6.525E+08  8.601E+07  3.645E+06  701.5
  269.0  6.364E+08  8.235E+07  3.468E+06  701.6
  270.0  6.208E+08  7.884E+07  3.300E+06  701.7
  271.0  6.055E+08  7.549E+07  3.140E+06  701.8
  272.0  5.907E+08  7.228E+07  2.988E+06  701.9
  273.0  5.762E+08  6.920E+07  2.843E+06  702.0
  274.0  5.620E+08  6.626E+07  2.706E+06  702.1
  275.0  5.482E+08  6.345E+07  2.575E+06  702.2
  276.0  5.348E+08  6.076E+07  2.450E+06  702.3
  277.0  5.217E+08  5.818E+07  2.332E+06  702.4
  278.0  5.089E+08  5.571E+07  2.219E+06  702.5
  279.0  4.965E+08  5.335E+07  2.112E+06  702.5
  280.0  4.843E+08  5.109E+07  2.010E+06  702.6
  281.0  4.725E+08  4.893E+07  1.913E+06  702.7
  282.0  4.610E+08  4.686E+07  1.821E+06  702.8
  283.0  4.497E+08  4.488E+07  1.733E+06  702.8
  284.0  4.387E+08  4.298E+07  1.650E+06  702.9
  285.0  4.280E+08  4.116E+07  1.571E+06  703.0
  286.0  4.176E+08  3.942E+07  1.495E+06  703.0
  287.0  4.074E+08  3.776E+07  1.423E+06  703.1
  288.0  3.975E+08  3.617E+07  1.355E+06  703.2
  289.0  3.878E+08  3.464E+07  1.290E+06  703.2
  290.0  3.784E+08  3.318E+07  1.228E+06  703.3
  291.0  3.692E+08  3.178E+07  1.169E+06  703.3
  292.0  3.602E+08  3.044E+07  1.113E+06  703.4
  293.0  3.514E+08  2.916E+07  1.059E+06  703.4
  294.0  3.429E+08  2.793E+07  1.008E+06  703.5
  295.0  3.346E+08  2.676E+07  9.601E+05  703.5
  296.0  3.264E+08  2.563E+07  9.141E+05  703.6
  297.0  3.185E+08  2.455E+07  8.703E+05  703.6
  298.0  3.108E+08  2.352E+07  8.286E+05  703.7
  299.0  3.033E+08  2.253E+07  7.890E+05  703.7
  300.0  2.954E+08  2.159E+07  7.512E+05  703.8
  301.0  2.883E+08  2.068E+07  7.153E+05  703.8
  302.0  2.813E+08  1.981E+07  6.811E+05  703.9
  303.0  2.745E+08  1.898E+07  6.486E+05  703.9
  304.0  2.679E+08  1.819E+07  6.176E+05  703.9
  305.0  2.614E+08  1.742E+07  5.881E+05  704.0
  306.0  2.551E+08  1.669E+07  5.600E+05  704.0
  307.0  2.489E+08  1.599E+07  5.333E+05  704.0
  308.0  2.429E+08  1.533E+07  5.079E+05  704.1
  309.0  2.371E+08  1.468E+07  4.837E+05  704.1
  310.0  2.313E+08  1.407E+07  4.606E+05  704.1
  311.0  2.258E+08  1.348E+07  4.387E+05  704.2
  312.0  2.203E+08  1.292E+07  4.178E+05  704.2
  313.0  2.150E+08  1.238E+07  3.979E+05  704.2
  314.0  2.099E+08  1.186E+07  3.789E+05  704.3
  315.0  2.048E+08  1.137E+07  3.609E+05  704.3
  316.0  1.999E+08  1.089E+07  3.437E+05  704.3
  317.0  1.951E+08  1.044E+07  3.274E+05  704.3
  318.0  1.904E+08  1.000E+07  3.118E+05  704.4
  319.0  1.858E+08  9.584E+06  2.970E+05  704.4
  320.0  1.813E+08  9.184E+06  2.829E+05  704.4
  321.0  1.770E+08  8.802E+06  2.695E+05  704.4
  322.0  1.727E+08  8.435E+06  2.567E+05  704.5
  323.0  1.686E+08  8.084E+06  2.445E+05  704.5
  324.0  1.646E+08  7.747E+06  2.329E+05  704.5
  325.0  1.606E+08  7.425E+06  2.219E+05  704.5
  326.0  1.568E+08  7.116E+06  2.114E+05  704.5
  327.0  1.530E+08  6.820E+06  2.013E+05  704.6
  328.0  1.493E+08  6.536E+06  1.918E+05  704.6
  329.0  1.458E+08  6.265E+06  1.827E+05  704.6
  330.0  1.423E+08  6.004E+06  1.741E+05  704.6
  331.0  1.389E+08  5.755E+06  1.658E+05  704.6
  332.0  1.355E+08  5.516E+06  1.580E+05  704.6
  333.0  1.323E+08  5.287E+06  1.505E+05  704.7
  334.0  1.291E+08  5.068E+06  1.434E+05  704.7
  335.0  1.261E+08  4.858E+06  1.366E+05  704.7
  336.0  1.230E+08  4.656E+06  1.302E+05  704.7
  337.0  1.201E+08  4.463E+06  1.240E+05  704.7
  338.0  1.172E+08  4.278E+06  1.182E+05  704.7
  339.0  1.144E+08  4.101E+06  1.126E+05  704.7
  340.0  1.117E+08  3.931E+06  1.073E+05  704.8
  341.0  1.090E+08  3.769E+06  1.022E+05  704.8
  342.0  1.064E+08  3.613E+06  9.740E+04  704.8
  343.0  1.039E+08  3.463E+06  9.281E+04  704.8
  344.0  1.014E+08  3.320E+06  8.844E+04  704.8
  345.0  9.901E+07  3.183E+06  8.427E+04  704.8
  346.0  9.665E+07  3.051E+06  8.030E+04  704.8
  347.0  9.435E+07  2.925E+06  7.652E+04  704.8
  348.0  9.211E+07  2.804E+06  7.292E+04  704.8
  349.0  8.991E+07  2.688E+06  6.949E+04  704.9
  350.0  8.778E+07  2.577E+06  6.622E+04  704.9
  351.0  8.569E+07  2.471E+06  6.311E+04  704.9
  352.0  8.365E+07  2.369E+06  6.014E+04  704.9
  353.0  8.166E+07  2.271E+06  5.732E+04  704.9
  354.0  7.972E+07  2.178E+06  5.463E+04  704.9
  355.0  7.783E+07  2.088E+06  5.206E+04  704.9
  356.0  7.598E+07  2.002E+06  4.962E+04  704.9
  357.0  7.418E+07  1.920E+06  4.729E+04  704.9
  358.0  7.242E+07  1.841E+06  4.507E+04  704.9
  359.0  7.070E+07  1.765E+06  4.296E+04  704.9
  360.0  6.902E+07  1.692E+06  4.094E+04  705.0
  361.0  6.739E+07  1.623E+06  3.902E+04  705.0
  362.0  6.579E+07  1.556E+06  3.719E+04  705.0
  363.0  6.423E+07  1.492E+06  3.545E+04  705.0
  364.0  6.271E+07  1.431E+06  3.379E+04  705.0
  365.0  6.122E+07  1.372E+06  3.221E+04  705.0
  366.0  5.978E+07  1.315E+06  3.070E+04  705.0
  367.0  5.836E+07  1.261E+06  2.927E+04  705.0
  368.0  5.698E+07  1.210E+06  2.790E+04  705.0
  369.0  5.563E+07  1.160E+06  2.659E+04  705.0
  370.0  5.432E+07  1.112E+06  2.535E+04  705.0
  371.0  5.303E+07  1.067E+06  2.416E+04  705.0
  372.0  5.178E+07  1.023E+06  2.304E+04  705.0
  373.0  5.056E+07  9.811E+05  2.196E+04  705.0
  374.0  4.936E+07  9.409E+05  2.093E+04  705.0
  375.0  4.820E+07  9.024E+05  1.996E+04  705.0
  376.0  4.706E+07  8.654E+05  1.903E+04  705.0
  377.0  4.595E+07  8.300E+05  1.814E+04  705.0
  378.0  4.487E+07  7.960E+05  1.729E+04  705.1
  379.0  4.381E+07  7.635E+05  1.649E+04  705.1
  380.0  4.278E+07  7.322E+05  1.572E+04  705.1
  381.0  4.177E+07  7.023E+05  1.499E+04  705.1
  382.0  4.078E+07  6.736E+05  1.429E+04  705.1
  383.0  3.982E+07  6.461E+05  1.362E+04  705.1
  384.0  3.889E+07  6.197E+05  1.299E+04  705.1
  385.0  3.797E+07  5.944E+05  1.238E+04  705.1
  386.0  3.708E+07  5.701E+05  1.181E+04  705.1
  387.0  3.620E+07  5.468E+05  1.126E+04  705.1
  388.0  3.535E+07  5.245E+05  1.074E+04  705.1
  389.0  3.452E+07  5.031E+05  1.024E+04  705.1
  390.0  3.371E+07  4.826E+05  9.761E+03  705.1
  391.0  3.292E+07  4.629E+05  9.308E+03  705.1
  392.0  3.215E+07  4.441E+05  8.875E+03  705.1
  393.0  3.139E+07  4.260E+05  8.463E+03  705.1
  394.0  3.065E+07  4.086E+05  8.070E+03  705.1
  395.0  2.993E+07  3.920E+05  7.696E+03  705.1
  396.0  2.923E+07  3.760E+05  7.339E+03  705.1
  397.0  2.855E+07  3.607E+05  6.999E+03  705.1
  398.0  2.788E+07  3.461E+05  6.674E+03  705.1
  399.0  2.722E+07  3.320E+05  6.365E+03  705.1
  400.0  2.659E+07  3.185E+05  6.070E+03  705.1
  401.0  2.597E+07  3.055E+05  5.789E+03  705.1
  402.0  2.536E+07  2.931E+05  5.521E+03  705.1
  403.0  2.477E+07  2.812E+05  5.265E+03  705.1
  404.0  2.419E+07  2.698E+05  5.022E+03  705.1
  405.0  2.362E+07  2.588E+05  4.789E+03  705.1
  406.0  2.307E+07  2.483E+05  4.568E+03  705.1
  407.0  2.253E+07  2.383E+05  4.357E+03  705.1
  408.0  2.201E+07  2.286E+05  4.155E+03  705.1
  409.0  2.149E+07  2.193E+05  3.963E+03  705.1
  410.0  2.099E+07  2.104E+05  3.780E+03  705.1
  411.0  2.050E+07  2.019E+05  3.606E+03  705.1
  412.0  2.002E+07  1.937E+05  3.439E+03  705.1
  413.0  1.955E+07  1.859E+05  3.281E+03  705.1
  414.0  1.910E+07  1.784E+05  3.129E+03  705.1
  415.0  1.865E+07  1.711E+05  2.985E+03  705.1
  416.0  1.821E+07  1.642E+05  2.847E+03  705.1
  417.0  1.779E+07  1.576E+05  2.716E+03  705.2
  418.0  1.738E+07  1.512E+05  2.591E+03  705.2
  419.0  1.697E+07  1.451E+05  2.471E+03  705.2
  420.0  1.657E+07  1.392E+05  2.358E+03  705.2
  421.0  1.619E+07  1.336E+05  2.249E+03  705.2
  422.0  1.581E+07  1.282E+05  2.145E+03  705.2
  423.0  1.544E+07  1.230E+05  2.047E+03  705.2
  424.0  1.508E+07  1.181E+05  1.953E+03  705.2
  425.0  1.473E+07  1.133E+05  1.863E+03  705.2
  426.0  1.439E+07  1.087E+05  1.777E+03  705.2
  427.0  1.406E+07  1.043E+05  1.695E+03  705.2
  428.0  1.373E+07  1.001E+05  1.618E+03  705.2
  429.0  1.341E+07  9.609E+04  1.543E+03  705.2
  430.0  1.310E+07  9.221E+04  1.472E+03  705.2
  431.0  1.279E+07  8.850E+04  1.405E+03  705.2
  432.0  1.250E+07  8.493E+04  1.340E+03  705.2
  433.0  1.221E+07  8.151E+04  1.279E+03  705.2
  434.0  1.192E+07  7.823E+04  1.220E+03  705.2
  435.0  1.165E+07  7.508E+04  1.164E+03  705.2
  436.0  1.138E+07  7.206E+04  1.111E+03  705.2
  437.0  1.111E+07  6.917E+04  1.060E+03  705.2
  438.0  1.086E+07  6.638E+04  1.011E+03  705.2
  439.0  1.060E+07  6.372E+04  9.650E+02  705.2
  440.0  1.036E+07  6.116E+04  9.208E+02  705.2
  441.0  1.012E+07  5.870E+04  8.787E+02  705.2
  442.0  9.884E+06  5.634E+04  8.384E+02  705.2
  443.0  9.655E+06  5.408E+04  8.001E+02  705.2
  444.0  9.432E+06  5.191E+04  7.635E+02  705.2
  445.0  9.214E+06  4.983E+04  7.286E+02  705.2
  446.0  9.001E+06  4.783E+04  6.953E+02  705.2
  447.0  8.793E+06  4.591E+04  6.635E+02  705.2
  448.0  8.590E+06  4.407E+04  6.332E+02  705.2
  449.0  8.391E+06  4.230E+04  6.043E+02  705.2
  450.0  8.197E+06  4.061E+04  5.767E+02  705.2
  451.0  8.008E+06  3.898E+04  5.503E+02  705.2
  452.0  7.823E+06  3.742E+04  5.252E+02  705.2
  453.0  7.643E+06  3.592E+04  5.013E+02  705.2
  454.0  7.466E+06  3.448E+04  4.784E+02  705.2
  455.0  7.294E+06  3.310E+04  4.566E+02  705.2
  456.0  7.126E+06  3.178E+04  4.358E+02  705.2
  457.0  6.962E+06  3.051E+04  4.159E+02  705.2
  458.0  6.801E+06  2.929E+04  3.970E+02  705.2
  459.0  6.645E+06  2.812E+04  3.789E+02  705.2
  460.0  6.491E+06  2.699E+04  3.616E+02  705.2
  461.0  6.342E+06  2.592E+04  3.452E+02  705.2
  462.0  6.196E+06  2.488E+04  3.295E+02  705.2
  463.0  6.053E+06  2.389E+04  3.145E+02  705.2
  464.0  5.914E+06  2.294E+04  3.002E+02  705.2
  465.0  5.778E+06  2.202E+04  2.865E+02  705.2
  466.0  5.645E+06  2.114E+04  2.735E+02  705.2
  467.0  5.516E+06  2.030E+04  2.611E+02  705.2
  468.0  5.389E+06  1.949E+04  2.492E+02  705.2
  469.0  5.265E+06  1.871E+04  2.379E+02  705.2
  470.0  5.144E+06  1.797E+04  2.271E+02  705.2
  471.0  5.026E+06  1.725E+04  2.168E+02  705.2
  472.0  4.911E+06  1.657E+04  2.070E+02  705.2
  473.0  4.798E+06  1.591E+04  1.976E+02  705.2
  474.0  4.688E+06  1.527E+04  1.886E+02  705.2
  475.0  4.581E+06  1.467E+04  1.801E+02  705.2
  476.0  4.476E+06  1.408E+04  1.719E+02  705.2
  477.0  4.373E+06  1.352E+04  1.641E+02  705.2
  478.0  4.273E+06  1.298E+04  1.567E+02  705.2
  479.0  4.175E+06  1.247E+04  1.496E+02  705.2
  480.0  4.079E+06  1.197E+04  1.428E+02  705.2
  481.0  3.986E+06  1.150E+04  1.364E+02  705.2
  482.0  3.895E+06  1.104E+04  1.302E+02  705.2
  483.0  3.806E+06  1.060E+04  1.243E+02  705.2
  484.0  3.719E+06  1.018E+04  1.187E+02  705.2
  485.0  3.634E+06  9.778E+03  1.133E+02  705.2
  486.0  3.551E+06  9.391E+03  1.082E+02  705.2
  487.0  3.469E+06  9.018E+03  1.033E+02  705.2
  488.0  3.390E+06  8.661E+03  9.864E+01  705.2
  489.0  3.313E+06  8.318E+03  9.418E+01  705.2
  490.0  3.237E+06  7.988E+03  8.993E+01  705.2
  491.0  3.163E+06  7.672E+03  8.587E+01  705.2
  492.0  3.091E+06  7.368E+03  8.200E+01  705.2
  493.0  3.021E+06  7.077E+03  7.830E+01  705.2
  494.0  2.952E+06  6.797E+03  7.477E+01  705.2
  495.0  2.884E+06  6.528E+03  7.140E+01  705.2
  496.0  2.819E+06  6.270E+03  6.818E+01  705.2
  497.0  2.754E+06  6.022E+03  6.511E+01  705.2
  498.0  2.692E+06  5.784E+03  6.218E+01  705.2
  499.0  2.630E+06  5.555E+03  5.938E+01  705.2
  500.0  2.570E+06  5.336E+03  5.670E+01  705.2
  501.0  2.512E+06  5.125E+03  5.415E+01  705.2
  502.0  2.455E+06  4.923E+03  5.172E+01  705.2
  503.0  2.399E+06  4.729E+03  4.939E+01  705.2
  504.0  2.344E+06  4.542E+03  4.717E+01  705.2
  505.0  2.291E+06  4.363E+03  4.505E+01  705.2
  506.0  2.239E+06  4.191E+03  4.303E+01  705.2
  507.0  2.188E+06  4.026E+03  4.109E+01  705.2
  508.0  2.138E+06  3.867E+03  3.925E+01  705.2
  509.0  2.090E+06  3.715E+03  3.749E+01  705.2
  510.0  2.042E+06  3.568E+03  3.580E+01  705.2
  511.0  1.996E+06  3.428E+03  3.420E+01  705.2
  512.0  1.951E+06  3.293E+03  3.266E+01  705.2
  513.0  1.907E+06  3.163E+03  3.120E+01  705.2
  514.0  1.863E+06  3.039E+03  2.980E+01  705.2
  515.0  1.821E+06  2.919E+03  2.846E+01  705.2
  516.0  1.780E+06  2.805E+03  2.719E+01  705.2
  517.0  1.740E+06  2.694E+03  2.597E+01  705.2
  518.0  1.700E+06  2.588E+03  2.481E+01  705.2
  519.0  1.662E+06  2.487E+03  2.370E+01  705.2
  520.0  1.624E+06  2.389E+03  2.264E+01  705.2
  521.0  1.587E+06  2.295E+03  2.162E+01  705.2
  522.0  1.551E+06  2.205E+03  2.066E+01  705.2
  523.0  1.516E+06  2.119E+03  1.973E+01  705.2
  524.0  1.482E+06  2.036E+03  1.885E+01  705.2
  525.0  1.449E+06  1.956E+03  1.801E+01  705.2
  526.0  1.416E+06  1.879E+03  1.720E+01  705.2
  527.0  1.384E+06  1.805E+03  1.643E+01  705.2
  528.0  1.353E+06  1.735E+03  1.570E+01  705.2
  529.0  1.322E+06  1.667E+03  1.500E+01  705.2
  530.0  1.292E+06  1.601E+03  1.433E+01  705.2
  531.0  1.263E+06  1.539E+03  1.369E+01  705.2
  532.0  1.235E+06  1.479E+03  1.308E+01  705.2
  533.0  1.207E+06  1.421E+03  1.250E+01  705.2
  534.0  1.180E+06  1.365E+03  1.194E+01  705.2
  535.0  1.153E+06  1.312E+03  1.141E+01  705.2
  536.0  1.127E+06  1.260E+03  1.090E+01  705.2
  537.0  1.102E+06  1.211E+03  1.041E+01  705.2
  538.0  1.077E+06  1.164E+03  9.950E+00  705.2
  539.0  1.053E+06  1.118E+03  9.507E+00  705.2
  540.0  1.029E+06  1.075E+03  9.084E+00  705.2
  541.0  1.006E+06  1.033E+03  8.680E+00  705.2
  542.0  9.831E+05  9.925E+02  8.294E+00  705.2
  543.0  9.610E+05  9.537E+02  7.925E+00  705.2
  544.0  9.394E+05  9.165E+02  7.573E+00  705.2
  545.0  9.183E+05  8.808E+02  7.236E+00  705.2
  546.0  8.976E+05  8.465E+02  6.915E+00  705.2
  547.0  8.775E+05  8.135E+02  6.608E+00  705.2
  548.0  8.578E+05  7.818E+02  6.314E+00  705.2
  549.0  8.385E+05  7.513E+02  6.034E+00  705.2
  550.0  8.197E+05  7.221E+02  5.766E+00  705.2
  551.0  8.013E+05  6.940E+02  5.511E+00  705.2
  552.0  7.833E+05  6.669E+02  5.266E+00  705.2
  553.0  7.658E+05  6.410E+02  5.033E+00  705.2
  554.0  7.486E+05  6.161E+02  4.810E+00  705.2
  555.0  7.318E+05  5.921E+02  4.596E+00  705.2
  556.0  7.154E+05  5.691E+02  4.393E+00  705.2
  557.0  6.994E+05  5.470E+02  4.198E+00  705.2
  558.0  6.838E+05  5.257E+02  4.012E+00  705.2
  559.0  6.684E+05  5.053E+02  3.835E+00  705.2
  560.0  6.535E+05  4.857E+02  3.665E+00  705.2
  561.0  6.389E+05  4.668E+02  3.503E+00  705.2
  562.0  6.246E+05  4.487E+02  3.348E+00  705.2
  563.0  6.106E+05  4.313E+02  3.200E+00  705.2
  564.0  5.970E+05  4.146E+02  3.059E+00  705.2
  565.0  5.836E+05  3.985E+02  2.923E+00  705.2
  566.0  5.706E+05  3.831E+02  2.794E+00  705.2
  567.0  5.579E+05  3.682E+02  2.671E+00  705.2
  568.0  5.454E+05  3.539E+02  2.553E+00  705.2
  569.0  5.332E+05  3.402E+02  2.440E+00  705.2
  570.0  5.213E+05  3.271E+02  2.333E+00  705.2
  571.0  5.097E+05  3.144E+02  2.230E+00  705.2
  572.0  4.983E+05  3.022E+02  2.131E+00  705.2
  573.0  4.872E+05  2.905E+02  2.037E+00  705.2
  574.0  4.764E+05  2.793E+02  1.948E+00  705.2
  575.0  4.658E+05  2.685E+02  1.862E+00  705.2
  576.0  4.554E+05  2.581E+02  1.780E+00  705.2
  577.0  4.452E+05  2.482E+02  1.701E+00  705.2
  578.0  4.353E+05  2.386E+02  1.626E+00  705.2
  579.0  4.256E+05  2.294E+02  1.555E+00  705.2
  580.0  4.162E+05  2.205E+02  1.486E+00  705.2
  581.0  4.069E+05  2.120E+02  1.421E+00  705.2
  582.0  3.979E+05  2.038E+02  1.359E+00  705.2
  583.0  3.890E+05  1.959E+02  1.299E+00  705.2
  584.0  3.804E+05  1.884E+02  1.242E+00  705.2
  585.0  3.719E+05  1.811E+02  1.187E+00  705.2
  586.0  3.637E+05  1.741E+02  1.135E+00  705.2
  587.0  3.556E+05  1.674E+02  1.085E+00  705.2
  588.0  3.477E+05  1.610E+02  1.038E+00  705.2
  589.0  3.400E+05  1.548E+02  9.920E-01  705.2
  590.0  3.324E+05  1.488E+02  9.484E-01  705.2
  591.0  3.251E+05  1.431E+02  9.068E-01  705.2
  592.0  3.179E+05  1.376E+02  8.671E-01  705.2
  593.0  3.108E+05  1.323E+02  8.290E-01  705.2
  594.0  3.039E+05  1.272E+02  7.927E-01  705.2
  595.0  2.972E+05  1.223E+02  7.580E-01  705.2
  596.0  2.906E+05  1.176E+02  7.248E-01  705.2
  597.0  2.842E+05  1.131E+02  6.930E-01  705.2
  598.0  2.779E+05  1.088E+02  6.627E-01  705.2
  599.0  2.717E+05  1.046E+02  6.337E-01  705.2
  600.0  2.657E+05  1.006E+02  6.060E-01  705.2
  601.0  2.598E+05  9.670E+01  5.795E-01  705.2
  602.0  2.541E+05  9.299E+01  5.541E-01  705.2
  603.0  2.485E+05  8.942E+01  5.299E-01  705.2
  604.0  2.430E+05  8.599E+01  5.067E-01  705.2
  605.0  2.376E+05  8.270E+01  4.846E-01  705.2
  606.0  2.324E+05  7.953E+01  4.634E-01  705.2
  607.0  2.272E+05  7.648E+01  4.432E-01  705.2
  608.0  2.222E+05  7.355E+01  4.238E-01  705.2
  609.0  2.173E+05  7.073E+01  4.053E-01  705.2
  610.0  2.125E+05  6.802E+01  3.876E-01  705.2
  611.0  2.078E+05  6.542E+01  3.707E-01  705.2
  612.0  2.033E+05  6.292E+01  3.546E-01  705.2
  613.0  1.988E+05  6.051E+01  3.391E-01  705.2
  614.0  1.944E+05  5.820E+01  3.243E-01  705.2
  615.0  1.901E+05  5.597E+01  3.102E-01  705.2
  616.0  1.859E+05  5.383E+01  2.967E-01  705.2
  617.0  1.818E+05  5.178E+01  2.838E-01  705.2
  618.0  1.778E+05  4.980E+01  2.714E-01  705.2
  619.0  1.739E+05  4.790E+01  2.596E-01  705.2
  620.0  1.701E+05  4.607E+01  2.483E-01  705.2
  621.0  1.664E+05  4.431E+01  2.375E-01  705.2
  622.0  1.627E+05  4.262E+01  2.272E-01  705.2
  623.0  1.591E+05  4.099E+01  2.173E-01  705.2
  624.0  1.556E+05  3.943E+01  2.079E-01  705.2
  625.0  1.522E+05  3.793E+01  1.988E-01  705.2
  626.0  1.489E+05  3.648E+01  1.902E-01  705.2
  627.0  1.456E+05  3.509E+01  1.819E-01  705.2
  628.0  1.424E+05  3.375E+01  1.740E-01  705.2
  629.0  1.393E+05  3.247E+01  1.665E-01  705.2
  630.0  1.362E+05  3.123E+01  1.593E-01  705.2
  631.0  1.332E+05  3.004E+01  1.523E-01  705.2
  632.0  1.303E+05  2.890E+01  1.457E-01  705.2
  633.0  1.275E+05  2.780E+01  1.394E-01  705.2
  634.0  1.247E+05  2.674E+01  1.334E-01  705.2
  635.0  1.219E+05  2.573E+01  1.276E-01  705.2
  636.0  1.193E+05  2.475E+01  1.221E-01  705.2
  637.0  1.167E+05  2.381E+01  1.168E-01  705.2
  638.0  1.141E+05  2.290E+01  1.117E-01  705.2
  639.0  1.116E+05  2.203E+01  1.069E-01  705.2
  640.0  1.092E+05  2.120E+01  1.023E-01  705.2
  641.0  1.068E+05  2.039E+01  9.784E-02  705.2
  642.0  1.044E+05  1.962E+01  9.361E-02  705.2
  643.0  1.022E+05  1.888E+01  8.956E-02  705.2
  644.0  9.992E+04  1.816E+01  8.569E-02  705.2
  645.0  9.774E+04  1.747E+01  8.199E-02  705.2
  646.0  9.561E+04  1.681E+01  7.845E-02  705.2
  647.0  9.352E+04  1.617E+01  7.506E-02  705.2
  648.0  9.148E+04  1.556E+01  7.182E-02  705.2
  649.0  8.948E+04  1.497E+01  6.872E-02  705.2
  650.0  8.753E+04  1.440E+01  6.576E-02  705.2
  651.0  8.562E+04  1.386E+01  6.292E-02  705.2
  652.0  8.376E+04  1.333E+01  6.021E-02  705.2
  653.0  8.193E+04  1.283E+01  5.761E-02  705.2
  654.0  8.015E+04  1.234E+01  5.513E-02  705.2
  655.0  7.840E+04  1.188E+01  5.275E-02  705.2
  656.0  7.669E+04  1.143E+01  5.048E-02  705.2
  657.0  7.502E+04  1.100E+01  4.831E-02  705.2
  658.0  7.339E+04  1.058E+01  4.623E-02  705.2
  659.0  7.179E+04  1.018E+01  4.424E-02  705.2
  660.0  7.023E+04  9.798E+00  4.233E-02  705.2
  661.0  6.871E+04  9.428E+00  4.051E-02  705.2
  662.0  6.721E+04  9.072E+00  3.877E-02  705.2
  663.0  6.575E+04  8.730E+00  3.710E-02  705.2
  664.0  6.432E+04  8.401E+00  3.551E-02  705.2
  665.0  6.293E+04  8.084E+00  3.398E-02  705.2
  666.0  6.156E+04  7.779E+00  3.252E-02  705.2
  667.0  6.022E+04  7.486E+00  3.113E-02  705.2
  668.0  5.892E+04  7.204E+00  2.979E-02  705.2
  669.0  5.764E+04  6.933E+00  2.851E-02  705.2
  670.0  5.639E+04  6.672E+00  2.729E-02  705.2
  671.0  5.517E+04  6.421E+00  2.612E-02  705.2
  672.0  5.397E+04  6.179E+00  2.500E-02  705.2
  673.0  5.280E+04  5.947E+00  2.393E-02  705.2
  674.0  5.166E+04  5.723E+00  2.290E-02  705.2
  675.0  5.054E+04  5.508E+00  2.192E-02  705.2
  676.0  4.944E+04  5.301E+00  2.098E-02  705.2
  677.0  4.837E+04  5.102E+00  2.008E-02  705.2
  678.0  4.733E+04  4.910E+00  1.922E-02  705.2
  679.0  4.630E+04  4.726E+00  1.840E-02  705.2
  680.0  4.530E+04  4.548E+00  1.761E-02  705.2
  681.0  4.432E+04  4.378E+00  1.686E-02  705.2
  682.0  4.336E+04  4.213E+00  1.614E-02  705.2
  683.0  4.243E+04  4.055E+00  1.545E-02  705.2
  684.0  4.151E+04  3.903E+00  1.479E-02  705.2
  685.0  4.061E+04  3.757E+00  1.416E-02  705.2
  686.0  3.974E+04  3.616E+00  1.355E-02  705.2
  687.0  3.888E+04  3.481E+00  1.297E-02  705.2
  688.0  3.804E+04  3.350E+00  1.242E-02  705.2
  689.0  3.722E+04  3.225E+00  1.189E-02  705.2
  690.0  3.642E+04  3.104E+00  1.138E-02  705.2
  691.0  3.563E+04  2.988E+00  1.090E-02  705.2
  692.0  3.486E+04  2.876E+00  1.043E-02  705.2
  693.0  3.411E+04  2.769E+00  9.986E-03  705.2
  694.0  3.338E+04  2.665E+00  9.560E-03  705.2
  695.0  3.266E+04  2.565E+00  9.153E-03  705.2
  696.0  3.195E+04  2.469E+00  8.763E-03  705.2
  697.0  3.127E+04  2.377E+00  8.390E-03  705.2
  698.0  3.059E+04  2.288E+00  8.033E-03  705.2
  699.0  2.994E+04  2.203E+00  7.691E-03  705.2
  700.0  2.929E+04  2.121E+00  7.363E-03  705.2
  701.0  2.866E+04  2.042E+00  7.050E-03  705.2
  702.0  2.805E+04  1.965E+00  6.750E-03  705.2
  703.0  2.744E+04  1.892E+00  6.463E-03  705.2
  704.0  2.685E+04  1.822E+00  6.189E-03  705.2
  705.0  2.628E+04  1.754E+00  5.926E-03  705.2
  706.0  2.571E+04  1.688E+00  5.674E-03  705.2
  707.0  2.516E+04  1.625E+00  5.433E-03  705.2
  708.0  2.462E+04  1.565E+00  5.202E-03  705.2
  709.0  2.409E+04  1.507E+00  4.981E-03  705.2
  710.0  2.358E+04  1.450E+00  4.770E-03  705.2
  711.0  2.307E+04  1.396E+00  4.568E-03  705.2
  712.0  2.258E+04  1.344E+00  4.374E-03  705.2
  713.0  2.209E+04  1.294E+00  4.189E-03  705.2
  714.0  2.162E+04  1.246E+00  4.011E-03  705.2
  715.0  2.116E+04  1.200E+00  3.841E-03  705.2
  716.0  2.070E+04  1.155E+00  3.678E-03  705.2
  717.0  2.026E+04  1.112E+00  3.522E-03  705.2
  718.0  1.983E+04  1.071E+00  3.373E-03  705.2
  719.0  1.940E+04  1.031E+00  3.231E-03  705.2
  720.0  1.899E+04  9.931E-01  3.094E-03  705.2
  721.0  1.858E+04  9.562E-01  2.963E-03  705.2
  722.0  1.818E+04  9.207E-01  2.838E-03  705.2
  723.0  1.779E+04  8.866E-01  2.718E-03  705.2
  724.0  1.741E+04  8.537E-01  2.603E-03  705.2
  725.0  1.704E+04  8.220E-01  2.493E-03  705.2
  726.0  1.668E+04  7.916E-01  2.387E-03  705.2
  727.0  1.632E+04  7.622E-01  2.287E-03  705.2
  728.0  1.597E+04  7.340E-01  2.190E-03  705.2
  729.0  1.563E+04  7.068E-01  2.098E-03  705.2
  730.0  1.530E+04  6.806E-01  2.009E-03  705.2
  731.0  1.497E+04  6.554E-01  1.924E-03  705.2
  732.0  1.465E+04  6.312E-01  1.843E-03  705.2
  733.0  1.434E+04  6.078E-01  1.765E-03  705.2
  734.0  1.404E+04  5.854E-01  1.691E-03  705.2
  735.0  1.374E+04  5.637E-01  1.620E-03  705.2
  736.0  1.345E+04  5.429E-01  1.552E-03  705.2
  737.0  1.316E+04  5.228E-01  1.486E-03  705.2
  738.0  1.288E+04  5.035E-01  1.424E-03  705.2
  739.0  1.261E+04  4.849E-01  1.364E-03  705.2
  740.0  1.234E+04  4.670E-01  1.306E-03  705.2
  741.0  1.207E+04  4.498E-01  1.251E-03  705.2
  742.0  1.182E+04  4.332E-01  1.199E-03  705.2
  743.0  1.157E+04  4.172E-01  1.148E-03  705.2
  744.0  1.132E+04  4.018E-01  1.100E-03  705.2
  745.0  1.108E+04  3.870E-01  1.054E-03  705.2
  746.0  1.085E+04  3.727E-01  1.010E-03  705.2
  747.0  1.062E+04  3.590E-01  9.671E-04  705.2
  748.0  1.039E+04  3.458E-01  9.265E-04  705.2
  749.0  1.017E+04  3.330E-01  8.876E-04  705.2
  750.0  9.954E+03  3.208E-01  8.503E-04  705.2
  751.0  9.743E+03  3.090E-01  8.147E-04  705.2
  752.0  9.536E+03  2.976E-01  7.805E-04  705.2
  753.0  9.334E+03  2.866E-01  7.478E-04  705.2
  754.0  9.137E+03  2.761E-01  7.164E-04  705.2
  755.0  8.943E+03  2.659E-01  6.864E-04  705.2
  756.0  8.754E+03  2.562E-01  6.576E-04  705.2
  757.0  8.568E+03  2.468E-01  6.301E-04  705.2
  758.0  8.387E+03  2.377E-01  6.037E-04  705.2
  759.0  8.210E+03  2.290E-01  5.784E-04  705.2
  760.0  8.036E+03  2.205E-01  5.542E-04  705.2
  761.0  7.866E+03  2.125E-01  5.310E-04  705.2
  762.0  7.700E+03  2.047E-01  5.088E-04  705.2
  763.0  7.537E+03  1.971E-01  4.875E-04  705.2
  764.0  7.378E+03  1.899E-01  4.672E-04  705.2
  765.0  7.222E+03  1.830E-01  4.476E-04  705.2
  766.0  7.069E+03  1.762E-01  4.289E-04  705.2
  767.0  6.920E+03  1.698E-01  4.110E-04  705.2
  768.0  6.774E+03  1.636E-01  3.938E-04  705.2
  769.0  6.631E+03  1.576E-01  3.774E-04  705.2
  770.0  6.491E+03  1.518E-01  3.616E-04  705.2
  771.0  6.355E+03  1.462E-01  3.466E-04  705.2
  772.0  6.221E+03  1.409E-01  3.321E-04  705.2
  773.0  6.089E+03  1.357E-01  3.182E-04  705.2
  774.0  5.961E+03  1.308E-01  3.050E-04  705.2
  775.0  5.836E+03  1.260E-01  2.923E-04  705.2
  776.0  5.713E+03  1.214E-01  2.801E-04  705.2
  777.0  5.592E+03  1.169E-01  2.684E-04  705.2
  778.0  5.475E+03  1.127E-01  2.572E-04  705.2
  779.0  5.360E+03  1.086E-01  2.465E-04  705.2
  780.0  5.247E+03  1.046E-01  2.363E-04  705.2
  781.0  5.137E+03  1.008E-01  2.264E-04  705.2
  782.0  5.029E+03  9.710E-02  2.170E-04  705.2
  783.0  4.923E+03  9.356E-02  2.080E-04  705.2
  784.0  4.819E+03  9.014E-02  1.993E-04  705.2
  785.0  4.718E+03  8.686E-02  1.911E-04  705.2
  786.0  4.619E+03  8.369E-02  1.831E-04  705.2
  787.0  4.522E+03  8.064E-02  1.755E-04  705.2
  788.0  4.427E+03  7.770E-02  1.682E-04  705.2
  789.0  4.334E+03  7.487E-02  1.612E-04  705.2
  790.0  4.243E+03  7.214E-02  1.545E-04  705.2
  791.0  4.154E+03  6.952E-02  1.481E-04  705.2
  792.0  4.067E+03  6.699E-02  1.420E-04  705.2
  793.0  3.982E+03  6.455E-02  1.361E-04  705.2
  794.0  3.899E+03  6.220E-02  1.304E-04  705.2
  795.0  3.817E+03  5.994E-02  1.250E-04  705.2
  796.0  3.737E+03  5.776E-02  1.199E-04  705.2
  797.0  3.659E+03  5.566E-02  1.149E-04  705.2
  798.0  3.582E+03  5.364E-02  1.101E-04  705.2
  799.0  3.507E+03  5.169E-02  1.056E-04  705.2
  800.0  3.434E+03  4.981E-02  1.012E-04  705.2
  801.0  3.362E+03  4.800E-02  9.702E-05  705.2
  802.0  3.292E+03  4.626E-02  9.300E-05  705.2
  803.0  3.223E+03  4.458E-02  8.915E-05  705.2
  804.0  3.156E+03  4.296E-02  8.547E-05  705.2
  805.0  3.090E+03  4.141E-02  8.193E-05  705.2
  806.0  3.025E+03  3.991E-02  7.855E-05  705.2
  807.0  2.962E+03  3.846E-02  7.530E-05  705.2
  808.0  2.900E+03  3.706E-02  7.219E-05  705.2
  809.0  2.840E+03  3.572E-02  6.921E-05  705.2
  810.0  2.781E+03  3.443E-02  6.635E-05  705.2
  811.0  2.723E+03  3.318E-02  6.361E-05  705.2
  812.0  2.666E+03  3.198E-02  6.099E-05  705.2
  813.0  2.610E+03  3.082E-02  5.847E-05  705.2
  814.0  2.556E+03  2.971E-02  5.606E-05  705.2
  815.0  2.503E+03  2.863E-02  5.375E-05  705.2
  816.0  2.450E+03  2.760E-02  5.154E-05  705.2
  817.0  2.399E+03  2.660E-02  4.941E-05  705.2
  818.0  2.350E+03  2.564E-02  4.738E-05  705.2
  819.0  2.301E+03  2.471E-02  4.543E-05  705.2
  820.0  2.253E+03  2.382E-02  4.356E-05  705.2
  821.0  2.206E+03  2.296E-02  4.176E-05  705.2
  822.0  2.160E+03  2.213E-02  4.004E-05  705.2
  823.0  2.115E+03  2.133E-02  3.840E-05  705.2
  824.0  2.071E+03  2.056E-02  3.682E-05  705.2
  825.0  2.028E+03  1.982E-02  3.530E-05  705.2
  826.0  1.986E+03  1.911E-02  3.385E-05  705.2
  827.0  1.945E+03  1.842E-02  3.246E-05  705.2
  828.0  1.904E+03  1.775E-02  3.113E-05  705.2
  829.0  1.865E+03  1.711E-02  2.985E-05  705.2
  830.0  1.826E+03  1.650E-02  2.862E-05  705.2
  831.0  1.788E+03  1.590E-02  2.745E-05  705.2
  832.0  1.751E+03  1.533E-02  2.632E-05  705.2
  833.0  1.715E+03  1.478E-02  2.524E-05  705.2
  834.0  1.679E+03  1.425E-02  2.421E-05  705.2
  835.0  1.645E+03  1.373E-02  2.321E-05  705.2
  836.0  1.611E+03  1.324E-02  2.226E-05  705.2
  837.0  1.577E+03  1.276E-02  2.135E-05  705.2
  838.0  1.545E+03  1.231E-02  2.048E-05  705.2
  839.0  1.513E+03  1.186E-02  1.964E-05  705.2
  840.0  1.481E+03  1.144E-02  1.883E-05  705.2
  841.0  1.451E+03  1.103E-02  1.806E-05  705.2
  842.0  1.421E+03  1.063E-02  1.732E-05  705.2
  843.0  1.391E+03  1.025E-02  1.661E-05  705.2
  844.0  1.363E+03  9.882E-03  1.593E-05  705.2
  845.0  1.334E+03  9.527E-03  1.528E-05  705.2
  846.0  1.307E+03  9.185E-03  1.466E-05  705.2
  847.0  1.280E+03  8.856E-03  1.406E-05  705.2
  848.0  1.253E+03  8.539E-03  1.348E-05  705.2
  849.0  1.228E+03  8.233E-03  1.293E-05  705.2
  850.0  1.202E+03  7.938E-03  1.241E-05  705.2
  851.0  1.177E+03  7.653E-03  1.190E-05  705.2
  852.0  1.153E+03  7.379E-03  1.141E-05  705.2
  853.0  1.129E+03  7.115E-03  1.095E-05  705.2
  854.0  1.106E+03  6.861E-03  1.050E-05  705.2
  855.0  1.083E+03  6.615E-03  1.007E-05  705.2
  856.0  1.061E+03  6.379E-03  9.662E-06  705.2
  857.0  1.039E+03  6.150E-03  9.268E-06  705.2
  858.0  1.018E+03  5.931E-03  8.891E-06  705.2
  859.0  9.969E+02  5.719E-03  8.528E-06  705.2
  860.0  9.763E+02  5.514E-03  8.181E-06  705.2
  861.0  9.563E+02  5.317E-03  7.848E-06  705.2
  862.0  9.366E+02  5.127E-03  7.529E-06  705.2
  863.0  9.173E+02  4.944E-03  7.222E-06  705.2
  864.0  8.985E+02  4.768E-03  6.928E-06  705.2
  865.0  8.800E+02  4.598E-03  6.647E-06  705.2
  866.0  8.620E+02  4.434E-03  6.376E-06  705.2
  867.0  8.443E+02  4.276E-03  6.117E-06  705.2
  868.0  8.269E+02  4.123E-03  5.868E-06  705.2
  869.0  8.099E+02  3.976E-03  5.630E-06  705.2
  870.0  7.933E+02  3.835E-03  5.401E-06  705.2
  871.0  7.771E+02  3.698E-03  5.182E-06  705.2
  872.0  7.611E+02  3.566E-03  4.972E-06  705.2
  873.0  7.455E+02  3.439E-03  4.770E-06  705.2
  874.0  7.302E+02  3.317E-03  4.576E-06  705.2
  875.0  7.153E+02  3.199E-03  4.391E-06  705.2
  876.0  7.006E+02  3.085E-03  4.213E-06  705.2
  877.0  6.863E+02  2.975E-03  4.042E-06  705.2
  878.0  6.722E+02  2.870E-03  3.878E-06  705.2
  879.0  6.585E+02  2.768E-03  3.721E-06  705.2
  880.0  6.450E+02  2.669E-03  3.570E-06  705.2
  881.0  6.318E+02  2.574E-03  3.426E-06  705.2
  882.0  6.189E+02  2.483E-03  3.287E-06  705.2
  883.0  6.062E+02  2.395E-03  3.154E-06  705.2
  884.0  5.938E+02  2.310E-03  3.026E-06  705.2
  885.0  5.817E+02  2.228E-03  2.904E-06  705.2
  886.0  5.698E+02  2.149E-03  2.786E-06  705.2
  887.0  5.582E+02  2.073E-03  2.674E-06  705.2
  888.0  5.468E+02  1.999E-03  2.566E-06  705.2
  889.0  5.356E+02  1.928E-03  2.462E-06  705.2
  890.0  5.247E+02  1.860E-03  2.363E-06  705.2
  891.0  5.140E+02  1.794E-03  2.267E-06  705.2
  892.0  5.035E+02  1.731E-03  2.176E-06  705.2
  893.0  4.932E+02  1.669E-03  2.088E-06  705.2
  894.0  4.832E+02  1.610E-03  2.004E-06  705.2
  895.0  4.733E+02  1.553E-03  1.923E-06  705.2
  896.0  4.637E+02  1.498E-03  1.845E-06  705.2
  897.0  4.542E+02  1.445E-03  1.771E-06  705.2
  898.0  4.450E+02  1.394E-03  1.699E-06  705.2
  899.0  4.359E+02  1.345E-03  1.631E-06  705.2
  900.0  4.271E+02  1.297E-03  1.565E-06  705.2
  901.0  4.184E+02  1.251E-03  1.502E-06  705.2
  902.0  4.099E+02  1.207E-03  1.442E-06  705.2
  903.0  4.015E+02  1.165E-03  1.384E-06  705.2
  904.0  3.934E+02  1.124E-03  1.328E-06  705.2
  905.0  3.854E+02  1.084E-03  1.275E-06  705.2
  906.0  3.775E+02  1.046E-03  1.223E-06  705.2
  907.0  3.699E+02  1.009E-03  1.174E-06  705.2
  908.0  3.624E+02  9.731E-04  1.127E-06  705.2
  909.0  3.550E+02  9.388E-04  1.082E-06  705.2
  910.0  3.478E+02  9.057E-04  1.038E-06  705.2
  911.0  3.407E+02  8.738E-04  9.964E-07  705.2
  912.0  3.338E+02  8.430E-04  9.564E-07  705.2
  913.0  3.271E+02  8.134E-04  9.180E-07  705.2
  914.0  3.204E+02  7.847E-04  8.812E-07  705.2
  915.0  3.139E+02  7.571E-04  8.458E-07  705.2
  916.0  3.076E+02  7.305E-04  8.119E-07  705.2
  917.0  3.013E+02  7.048E-04  7.793E-07  705.2
  918.0  2.952E+02  6.800E-04  7.481E-07  705.2
  919.0  2.893E+02  6.561E-04  7.181E-07  705.2
  920.0  2.834E+02  6.330E-04  6.893E-07  705.2
  921.0  2.777E+02  6.108E-04  6.617E-07  705.2
  922.0  2.721E+02  5.893E-04  6.352E-07  705.2
  923.0  2.666E+02  5.686E-04  6.098E-07  705.2
  924.0  2.612E+02  5.486E-04  5.854E-07  705.2
  925.0  2.559E+02  5.294E-04  5.619E-07  705.2
  926.0  2.507E+02  5.108E-04  5.394E-07  705.2
  927.0  2.456E+02  4.929E-04  5.179E-07  705.2
  928.0  2.407E+02  4.756E-04  4.972E-07  705.2
  929.0  2.358E+02  4.589E-04  4.773E-07  705.2
  930.0  2.311E+02  4.428E-04  4.582E-07  705.2
  931.0  2.264E+02  4.273E-04  4.399E-07  705.2
  932.0  2.218E+02  4.123E-04  4.223E-07  705.2
  933.0  2.174E+02  3.979E-04  4.055E-07  705.2
  934.0  2.130E+02  3.839E-04  3.893E-07  705.2
  935.0  2.087E+02  3.705E-04  3.737E-07  705.2
  936.0  2.045E+02  3.575E-04  3.588E-07  705.2
  937.0  2.004E+02  3.450E-04  3.445E-07  705.2
  938.0  1.963E+02  3.330E-04  3.308E-07  705.2
  939.0  1.924E+02  3.213E-04  3.176E-07  705.2
  940.0  1.885E+02  3.101E-04  3.049E-07  705.2
  941.0  1.847E+02  2.992E-04  2.928E-07  705.2
  942.0  1.810E+02  2.888E-04  2.811E-07  705.2
  943.0  1.773E+02  2.787E-04  2.699E-07  705.2
  944.0  1.738E+02  2.690E-04  2.592E-07  705.2
  945.0  1.703E+02  2.596E-04  2.489E-07  705.2
  946.0  1.669E+02  2.505E-04  2.390E-07  705.2
  947.0  1.635E+02  2.418E-04  2.295E-07  705.2
  948.0  1.602E+02  2.333E-04  2.203E-07  705.2
  949.0  1.570E+02  2.252E-04  2.116E-07  705.2
  950.0  1.539E+02  2.173E-04  2.032E-07  705.2
  951.0  1.508E+02  2.098E-04  1.951E-07  705.2
  952.0  1.477E+02  2.025E-04  1.873E-07  705.2
  953.0  1.448E+02  1.954E-04  1.799E-07  705.2
  954.0  1.419E+02  1.886E-04  1.728E-07  705.2
  955.0  1.390E+02  1.820E-04  1.659E-07  705.2
  956.0  1.362E+02  1.757E-04  1.593E-07  705.2
  957.0  1.335E+02  1.696E-04  1.530E-07  705.2
  958.0  1.308E+02  1.637E-04  1.469E-07  705.2
  959.0  1.282E+02  1.580E-04  1.411E-07  705.2
  960.0  1.257E+02  1.525E-04  1.355E-07  705.2
  961.0  1.231E+02  1.472E-04  1.301E-07  705.2
  962.0  1.207E+02  1.421E-04  1.250E-07  705.2
  963.0  1.183E+02  1.371E-04  1.200E-07  705.2
  964.0  1.159E+02  1.324E-04  1.153E-07  705.2
  965.0  1.136E+02  1.278E-04  1.107E-07  705.2
  966.0  1.113E+02  1.233E-04  1.063E-07  705.2
  967.0  1.091E+02  1.191E-04  1.021E-07  705.2
  968.0  1.069E+02  1.149E-04  9.808E-08  705.2
  969.0  1.048E+02  1.109E-04  9.420E-08  705.2
  970.0  1.027E+02  1.071E-04  9.047E-08  705.2
  971.0  1.006E+02  1.034E-04  8.690E-08  705.2
  972.0  9.862E+01  9.979E-05  8.346E-08  705.2
  973.0  9.665E+01  9.633E-05  8.017E-08  705.2
  974.0  9.472E+01  9.300E-05  7.700E-08  705.2
  975.0  9.283E+01  8.977E-05  7.396E-08  705.2
  976.0  9.098E+01  8.667E-05  7.104E-08  705.2
  977.0  8.917E+01  8.367E-05  6.824E-08  705.2
  978.0  8.739E+01  8.077E-05  6.554E-08  705.2
  979.0  8.565E+01  7.798E-05  6.296E-08  705.2
  980.0  8.394E+01  7.528E-05  6.048E-08  705.2
  981.0  8.227E+01  7.268E-05  5.809E-08  705.2
  982.0  8.064E+01  7.016E-05  5.580E-08  705.2
  983.0  7.903E+01  6.774E-05  5.360E-08  705.2
  984.0  7.746E+01  6.540E-05  5.149E-08  705.2
  985.0  7.592E+01  6.314E-05  4.946E-08  705.2
  986.0  7.441E+01  6.096E-05  4.752E-08  705.2
  987.0  7.293E+01  5.885E-05  4.565E-08  705.2
  988.0  7.148E+01  5.682E-05  4.385E-08  705.2
  989.0  7.006E+01  5.486E-05  4.213E-08  705.2
  990.0  6.867E+01  5.297E-05  4.047E-08  705.2
  991.0  6.731E+01  5.114E-05  3.888E-08  705.2
  992.0  6.597E+01  4.938E-05  3.735E-08  705.2
  993.0  6.466E+01  4.768E-05  3.588E-08  705.2
  994.0  6.338E+01  4.603E-05  3.447E-08  705.2
  995.0  6.212E+01  4.445E-05  3.312E-08  705.2
  996.0  6.089E+01  4.292E-05  3.182E-08  705.2
  997.0  5.968E+01  4.144E-05  3.057E-08  705.2
  998.0  5.850E+01  4.001E-05  2.937E-08  705.2
  999.0  5.734E+01  3.864E-05  2.822E-08  705.2
 1000.0  5.620E+01  3.731E-05  2.711E-08  705.2
