-1.243554548277047616e+02 3.264379215315369329e+20
-1.234191488790444140e+02 3.230540291686152929e+20
-1.224866749634277880e+02 3.197105916935372800e+20
-1.215580330808546705e+02 3.164071224543727452e+20
-1.206332232313252604e+02 3.131431410179956408e+20
-1.197122454148393302e+02 3.099181730928115057e+20
-1.187950996313971217e+02 3.067317504525430292e+20
-1.178817858809984074e+02 3.035834108610500362e+20
-1.169723041636432868e+02 3.004726979981847429e+20
-1.160666544793319019e+02 2.973991613866567270e+20
-1.151648368280639829e+02 2.943623563199045632e+20
-1.142668512098397997e+02 2.913618437909643592e+20
-1.133726976246591107e+02 2.883971904223118623e+20
-1.124823760725220012e+02 2.854679683966839685e+20
-1.115958865534286275e+02 2.825737553888546324e+20
-1.107132290673787338e+02 2.797141344983593124e+20
-1.098344036143725617e+02 2.768886941831628390e+20
-1.089594101944098981e+02 2.740970281942502605e+20
-1.080882488074909276e+02 2.713387355111398441e+20
-1.072209194536154513e+02 2.686134202783010652e+20
-1.063574221327835829e+02 2.659206917424755835e+20
-1.054977568449954219e+02 2.632601641908832829e+20
-1.046419235902507694e+02 2.606314568903095419e+20
-1.037899223685498242e+02 2.580341940270666547e+20
-1.029417531798923591e+02 2.554680046478112522e+20
-1.020974160242786155e+02 2.529325226012219802e+20
-1.012569109017083662e+02 2.504273864805164646e+20
-1.004202378121817105e+02 2.479522395668089405e+20
-9.958739675569877647e+01 2.455067297732954030e+20
-9.875838773225935086e+01 2.430905095902582866e+20
-9.793321074186363262e+01 2.407032360308881162e+20
-9.711186578451139439e+01 2.383445705779065651e+20
-9.629433336157133283e+01 2.360029762779883766e+20
-9.548046342553833199e+01 2.336146900348770058e+20
-9.467012703160658305e+01 2.312549505991445053e+20
-9.386332417977621390e+01 2.289234186844681011e+20
-9.306005487004701138e+01 2.266197593712579707e+20
-9.226031910241918865e+01 2.243436420535608279e+20
-9.146411687689253256e+01 2.220947403867084227e+20
-9.067144819346712836e+01 2.198727322357132820e+20
-8.988231305214313238e+01 2.176772996243965215e+20
-8.909671145292026040e+01 2.155081286852434985e+20
-8.831464339579879663e+01 2.133649096099816079e+20
-8.753610888077847108e+01 2.112473366008673403e+20
-8.676110790785953952e+01 2.091551078226837176e+20
-8.598964047704176039e+01 2.070879253554307400e+20
-8.522170658832524737e+01 2.050454951477143142e+20
-8.445730624171011414e+01 2.030275269708169871e+20
-8.369643943719613333e+01 2.010337343734476308e+20
-8.293910617478354652e+01 1.990638346371680829e+20
-8.218530645447211214e+01 1.971175487324825190e+20
-8.143504027626205755e+01 1.951946012755920814e+20
-8.068830764015315538e+01 1.932947204858017546e+20
-7.994510854614553352e+01 1.914176381435815854e+20
-7.920544299423929147e+01 1.895630895492694016e+20
-7.846931098443420183e+01 1.877308134824146698e+20
-7.773638797550985657e+01 1.857567651307267031e+20
-7.700632698994301961e+01 1.837927619861053440e+20
-7.627910130605468453e+01 1.818522776499407421e+20
-7.555471092384495080e+01 1.799350266848277955e+20
-7.483315584331361947e+01 1.780407272893551411e+20
-7.411443606446087529e+01 1.761691012523497226e+20
-7.339855158728654771e+01 1.743198739077274993e+20
-7.268550241179082150e+01 1.724927740899538043e+20
-7.197528853797349768e+01 1.706875340900954276e+20
-7.126790996583466153e+01 1.689038896124675031e+20
-7.056336669537444095e+01 1.671415797318585549e+20
-6.986165872659262277e+01 1.654003468513319649e+20
-6.916278605948940594e+01 1.636799366605981614e+20
-6.846674869406457731e+01 1.619800980949437317e+20
-6.777354663031835003e+01 1.603005832947197215e+20
-6.708317986825051094e+01 1.586411475653741445e+20
-6.639564840786120214e+01 1.570015493380289004e+20
-6.571095224915048050e+01 1.553815501305895977e+20
-6.502909139211816125e+01 1.537809145093846794e+20
-6.435006583676444336e+01 1.521994100513279508e+20
-6.367387558308912787e+01 1.506368073065950413e+20
-6.300052063109231426e+01 1.490928797618134385e+20
-6.233000098077410200e+01 1.475674038037536932e+20
-6.166231663213429215e+01 1.460601586835204506e+20
-6.099746758517307654e+01 1.445709264812376719e+20
-6.033545383989027044e+01 1.430994920712178565e+20
-5.967627539628605859e+01 1.416456430876166881e+20
-5.901993225436024915e+01 1.402091698905605079e+20
-5.836642441411304105e+01 1.387898655327478252e+20
-5.771575187554423536e+01 1.373875257265137910e+20
-5.706791463865393865e+01 1.360019488113577001e+20
-5.642291270344222909e+01 1.346329357219250831e+20
-5.578072900483532237e+01 1.332732422755675668e+20
-5.514134527559224352e+01 1.319292076915069747e+20
-5.450476008853393495e+01 1.306012403437254574e+20
-5.387097344366049612e+01 1.292891496254398956e+20
-5.323998534097203361e+01 1.279927473863888568e+20
-5.261179578046834848e+01 1.267118479030726984e+20
-5.198640476214961836e+01 1.254462678494203249e+20
-5.136381228601567983e+01 1.241958262678718382e+20
-5.074401835206661104e+01 1.229603445408787169e+20
-5.012702296030250437e+01 1.217396463628132516e+20
-4.951282611072318929e+01 1.205335577122847621e+20
-4.890142780332882921e+01 1.193419068248600084e+20
-4.829282803811925362e+01 1.181645241661804216e+20
-4.768702681509463304e+01 1.170012424054765650e+20
-4.708402413425481114e+01 1.158518963894719611e+20
-4.648381999559993005e+01 1.147163231166770053e+20
-4.588641439912984765e+01 1.135943617120652657e+20
-4.529180734484463500e+01 1.124858534021325455e+20
-4.469999883274437735e+01 1.113906414903328932e+20
-4.411098886282891129e+01 1.103085713328891822e+20
-4.352477743509839314e+01 1.092394903149763461e+20
-4.294136454955267368e+01 1.081832478272720241e+20
-4.236075020619183107e+01 1.071396952428745196e+20
-4.178293440501593636e+01 1.061086858945829601e+20
-4.120791714602483324e+01 1.050900750525380690e+20
-4.063569842921868513e+01 1.040837199022225654e+20
-4.006614604598245677e+01 1.030418593069989560e+20
-3.949908204654987287e+01 1.019954034639468790e+20
-3.893445947138569352e+01 1.009614545212181381e+20
-3.837227832048975529e+01 9.993986355169266893e+19
-3.781253859386222871e+01 9.893048354249777152e+19
-3.725524029150295036e+01 9.793316937164442829e+19
-3.670038341341208366e+01 9.694777778499292365e+19
-3.614796795958945808e+01 9.597416737354188390e+19
-3.559799393003524415e+01 9.501219855103962317e+19
-3.505046132474926424e+01 9.406173353191156941e+19
-3.450537014373162492e+01 9.312263630950422938e+19
-3.396272038698238305e+01 9.219477263463861453e+19
-3.342251205450138940e+01 9.127800999447186637e+19
-3.288474514628880030e+01 9.037221759166531174e+19
-3.234941966234447364e+01 8.947726632385234534e+19
-3.181653560266845560e+01 8.859302876340705690e+19
-3.128609296726085276e+01 8.771937913750813082e+19
-3.075809175612149460e+01 8.685619330849595392e+19
-3.023253196925054809e+01 8.600334875452132557e+19
-2.970941360664784625e+01 8.516072455048082227e+19
-2.918873666831347080e+01 8.432820134923909530e+19
-2.867050115424749634e+01 8.350566136313303859e+19
-2.815470706444977722e+01 8.269298834575656550e+19
-2.764135439892045909e+01 8.189006757402501120e+19
-2.713044315765939984e+01 8.109678583051322982e+19
-2.662197334066673449e+01 8.031303138607004058e+19
-2.611594494794232446e+01 7.953869398270240358e+19
-2.561235797948631188e+01 7.877366481673080013e+19
-2.511121243529855462e+01 7.801783652221159014e+19
-2.461250831537913086e+01 7.727110315462597018e+19
-2.411624561972809744e+01 7.653336017483309056e+19
-2.362242434834532645e+01 7.580450443328548045e+19
-2.313104450123094935e+01 7.508443415450648576e+19
-2.264210607838483469e+01 7.437304892182598451e+19
-2.215560907980703576e+01 7.367024966237619814e+19
-2.167155350549763781e+01 7.297593863234295398e+19
-2.118993935545650231e+01 7.229001940247311155e+19
-2.071076662968376070e+01 7.161239684383780045e+19
-2.023381687628761583e+01 7.087832377406971904e+19
-1.975883748484137570e+01 7.014206094215383450e+19
-1.928579168684726852e+01 6.941460120582274253e+19
-1.881467948230515930e+01 6.869583856517603328e+19
-1.834550087121518658e+01 6.798566837426365235e+19
-1.787825585357721536e+01 6.728398732423661158e+19
-1.741294442939137355e+01 6.659069342672781312e+19
-1.694956659865753679e+01 6.590568599745773568e+19
-1.648812236137582588e+01 6.522886564006551552e+19
-1.602861171754612002e+01 6.456013423015893402e+19
-1.557103466716848317e+01 6.389939489958493389e+19
-1.511539121024298282e+01 6.324655202091450368e+19
-1.466168134676947510e+01 6.260151119214156186e+19
-1.420990507674810388e+01 6.196417922159321088e+19
-1.376006240017873594e+01 6.133446411304781414e+19
-1.331215331706143523e+01 6.071227505106010112e+19
-1.286617782739626037e+01 6.009752238648982733e+19
-1.242213593118309234e+01 5.949011762223206400e+19
-1.198002762842205549e+01 5.888997339914756915e+19
-1.153985291911302191e+01 5.829700348218949632e+19
-1.110161180325605557e+01 5.771112274672658022e+19
-1.066530428085121507e+01 5.713224716505835930e+19
-1.023093035189844535e+01 5.656029379312178790e+19
-9.798490016397680691e+00 5.599518075738732954e+19
-9.367983274348979705e+00 5.543682724194181939e+19
-8.939410125752408121e+00 5.488515347575663002e+19
-8.512770570607841591e+00 5.434008072013900186e+19
-8.088064608915408016e+00 5.380153125636557210e+19
-7.665292240674978608e+00 5.326942837349458739e+19
-7.244453465886613763e+00 5.274369635635750502e+19
-6.825548284550376543e+00 5.222426047372585370e+19
-6.408576696666150596e+00 5.171104696665301811e+19
-5.993538702234043392e+00 5.120398303698994790e+19
-5.580434301253948348e+00 5.070299683607105536e+19
-5.169263493725923198e+00 5.020801745357159629e+19
-4.760026279650018566e+00 4.971897490653273293e+19
-4.352722659026125207e+00 4.923580012855395123e+19
-3.947352631854355920e+00 4.875842495915181670e+19
-3.543916198134596574e+00 4.828678213328247194e+19
-3.142413357866903567e+00 4.782080527102827725e+19
-2.742844111051335076e+00 4.736042886744578458e+19
-2.345208457687832482e+00 4.690558828257492173e+19
-1.949506397776340272e+00 4.645621973160787968e+19
-1.555737931316918399e+00 4.601226027521695744e+19
-1.163903058309616378e+00 4.557364781003993907e+19
-7.740017787543229666e-01 4.514032105932174950e+19
-3.860340926511568460e-01 4.471221956371316736e+19
4.269756731692234131e-01 4.382500060479614157e+19
8.516505827976370568e-01 4.334868164050812109e+19
1.274251948484718122e+00 4.285072191383487283e+19
1.694916264382016591e+00 4.235937642251136205e+19
2.113643530489579980e+00 4.187455687984006758e+19
2.530433746807415840e+00 4.139617625358157414e+19
2.945286913335516399e+00 4.092414874867710362e+19
3.358203030073890982e+00 4.045838979023352627e+19
3.769182097022582223e+00 3.999881600676787814e+19
4.178224114181490201e+00 3.954534521370765722e+19
4.585329081550667318e+00 3.909789639714325299e+19
4.990496999130116684e+00 3.865638969783052698e+19
5.393727866919830305e+00 3.822074639543926784e+19
5.795021684919865912e+00 3.779088889304481792e+19
6.194378453130117812e+00 3.736674070186056090e+19
6.591798171550639296e+00 3.694822642620677325e+19
6.987280840181425035e+00 3.653527174871490150e+19
7.380826459022487462e+00 3.612780341576295219e+19
7.772435028073815033e+00 3.572574922314007347e+19
8.162106547335458373e+00 3.532903800193717862e+19
8.549841016807324223e+00 3.493759960466179277e+19
8.935638436489453440e+00 3.455136489157314970e+19
9.319498806381856681e+00 3.417026571723683021e+19
9.701422126484525066e+00 3.379423491729518182e+19
1.008140839679751721e+01 3.342320629545162752e+19
1.045945761732072476e+01 3.305711461066711450e+19
1.083556978805419924e+01 3.269589556456517632e+19
1.120974490899794418e+01 3.233948578904492032e+19
1.158198298015195959e+01 3.198782283409906893e+19
1.195228400151624015e+01 3.164084515583511757e+19
1.232064797309083914e+01 3.129849210469759795e+19
1.268707489487565709e+01 3.096070391389029990e+19
1.305156476687074729e+01 3.062742168799531008e+19
1.341411758907610441e+01 3.029858739178842522e+19
1.377473336149173200e+01 2.997414383924872397e+19
1.413341208411767269e+01 2.965403468276058931e+19
1.449015375695383590e+01 2.933820440250699366e+19
1.484495838000026779e+01 2.902659829605236736e+19
1.519782595325696839e+01 2.871916246811383398e+19
1.554875647672393590e+01 2.841584382051960422e+19
1.589774995040121830e+01 2.811659004235310285e+19
1.624480637428872498e+01 2.782134960028199731e+19
1.658992574838649858e+01 2.753007172907078451e+19
1.693321970552407052e+01 2.722508691647428608e+19
1.727504412183343874e+01 2.688564049587490406e+19
1.761564108920304506e+01 2.655076992219302707e+19
1.795501060763293921e+01 2.622041204309394637e+19
1.829315267712303594e+01 2.589450460135229440e+19
1.863006729767337077e+01 2.557298622204683059e+19
1.896575446928394371e+01 2.525579639994227917e+19
1.930021419195476540e+01 2.494287548705499955e+19
1.963344646568586782e+01 2.463416468040006042e+19
1.996545129047717282e+01 2.432960600991707546e+19
2.029622866632871592e+01 2.402914232657194598e+19
2.062577859324050422e+01 2.373271729063239270e+19
2.095410107121253418e+01 2.344027536011437261e+19
2.128119610024481290e+01 2.315176177939714458e+19
2.160706368033736879e+01 2.286712256800437043e+19
2.193170381149012726e+01 2.258630450954901504e+19
2.225531060348416545e+01 2.228267141555663258e+19
2.257827382959355944e+01 2.195640794663535002e+19
2.290078907869891367e+01 2.163496331914677453e+19
2.322285635080026722e+01 2.131826586933516288e+19
2.354447564589754549e+01 2.100624500523422515e+19
2.386564696399077690e+01 2.069883119056099738e+19
2.418637030507997565e+01 2.039595592885305754e+19
2.450664566916513110e+01 2.009755174784492339e+19
2.482647305624625389e+01 1.980355218408019558e+19
2.514585246632336890e+01 1.951389176775580877e+19
2.546478389939641218e+01 1.922850600779503616e+19
2.578326735546540860e+01 1.894733137714542182e+19
2.610130283453036881e+01 1.867030529829871616e+19
2.641889033659129282e+01 1.839736612902906470e+19
2.673602986164821260e+01 1.812845314834633933e+19
2.705272140970105710e+01 1.786350654266142720e+19
2.736896498074986184e+01 1.760246739215982592e+19
2.768476057479462682e+01 1.734527765738107494e+19
2.800010819183535205e+01 1.709188016600034918e+19
2.831500783187203751e+01 1.684221859980942131e+19
2.862945949490472586e+01 1.659623748189388186e+19
2.894346318093333181e+01 1.635388216400377242e+19
2.925701888995790156e+01 1.611509881411440026e+19
2.957012662197843156e+01 1.587983440417488691e+19
2.988278637699491824e+01 1.564803669804127437e+19
3.019499815500740780e+01 1.541965423959152230e+19
3.050676195601581497e+01 1.519463634101976064e+19
3.081807778002018949e+01 1.497293307130666394e+19
3.112894562702052781e+01 1.475449524486389760e+19
3.143936549701681571e+01 1.453927441034952909e+19
3.174933739000907096e+01 1.432722283965197517e+19
3.205886130599732553e+01 1.411829351703994163e+19
3.236793724498150482e+01 1.391244012847596339e+19
3.267656520696163369e+01 1.370961705109067776e+19
3.298474519193773347e+01 1.350977934281591603e+19
3.329247719990979704e+01 1.331288273217387110e+19
3.359976123087784572e+01 1.311888360822003302e+19
3.390659728484182978e+01 1.292773901063775846e+19
3.421298536180177052e+01 1.273940661998178099e+19
3.451892546175767507e+01 1.255384474806890291e+19
3.482441758470952919e+01 1.237101232851327795e+19
3.512946173065735422e+01 1.219086890740424294e+19
3.543405789960117858e+01 1.201337463412452762e+19
3.573820609154091699e+01 1.183849025230678835e+19
3.604190630647661919e+01 1.166617709092611072e+19
3.634515854440827809e+01 1.149639705552682803e+19
3.664796280533590789e+01 1.132911261958131302e+19
3.695031908925952990e+01 1.116428681597884006e+19
3.725222739617908019e+01 1.100188322864269312e+19
3.755368772609458716e+01 1.084186598427321139e+19
3.785470007900605793e+01 1.068419974421533491e+19
3.815526445491348539e+01 1.052884969644847104e+19
3.845538085381687665e+01 1.037578154769685709e+19
3.875504927571626723e+01 1.022496151565869875e+19
3.905426972061157898e+01 1.007635632135231898e+19
3.935304218850284741e+01 9.929933181577236480e+18
3.965136667939008674e+01 9.785659801488936960e+18
3.994924319327328277e+01 9.643504367285200896e+18
4.024667173015247101e+01 9.503435539002474496e+18
4.054365229002758753e+01 9.365422443420725248e+18
4.084018487289866783e+01 9.229434667074797568e+18
4.113655579755215541e+01 9.078012515333976064e+18
4.143316999804664391e+01 8.921722598737574912e+18
4.173014870085670935e+01 8.768136643438511104e+18
4.202749190598240148e+01 8.617207610011375616e+18
4.232519961342364212e+01 8.468889282451128320e+18
4.262327182318045971e+01 8.323136253657345024e+18
4.292170853525286844e+01 8.179903911176574976e+18
4.322050974964085412e+01 8.039148423197946880e+18
4.351967546634446649e+01 7.900826724797523968e+18
4.381920568536362737e+01 7.764896504427101184e+18
4.411910040669836519e+01 7.631316190642718720e+18
4.441935963034869417e+01 7.500044939069026304e+18
4.471998335631460009e+01 7.371042619594957824e+18
4.502097158459609716e+01 7.244269803796696064e+18
4.532232431519321381e+01 7.119687752583835648e+18
4.562404154810586476e+01 6.997258404064802816e+18
4.592612328333411398e+01 6.876944361627427840e+18
4.622856952087794014e+01 6.758708882231086080e+18
4.653138026073735034e+01 6.642515864906395648e+18
4.683455550291238723e+01 6.528329839458863104e+18
4.713809524740295842e+01 6.416115955372872704e+18
4.744199949420912077e+01 6.305839970912219136e+18
4.774626824333086716e+01 6.197468242413988864e+18
4.805090149476819761e+01 6.090967713772062720e+18
4.835589924852113342e+01 5.986305906106993664e+18
4.866126150458965327e+01 5.883450907618897920e+18
4.896698826297373586e+01 5.782371363620043776e+18
4.927307952367339539e+01 5.683036466743981056e+18
4.957953528668864607e+01 5.585415947328053248e+18
4.988635555201950211e+01 5.489480063966164992e+18
5.019354031966591378e+01 5.395199594228812800e+18
5.050108958962793793e+01 5.302545825547297792e+18
5.080900336190552480e+01 5.211490546259352576e+18
5.111728163649869572e+01 5.122006036813091840e+18
5.142592441340744358e+01 5.034065061126668288e+18
5.173493169263180391e+01 4.947640858100697088e+18
5.204430347417174829e+01 4.862707133280843776e+18
5.235403975802725540e+01 4.779238050667788288e+18
5.266414054419834656e+01 4.697208224672004096e+18
5.297460583268501466e+01 4.616592712210786304e+18
5.328543562348729523e+01 4.537367004944928768e+18
5.359662991660513853e+01 4.459507021652626432e+18
5.390818871203858720e+01 4.382989100738084352e+18
5.422011200978759859e+01 4.307789992872536576e+18
5.453239980985219404e+01 4.233886853765189120e+18
5.484505211223236643e+01 4.161257237061899776e+18
5.515806891692815128e+01 4.089879087369218048e+18
5.547145022393952019e+01 4.019730733401630720e+18
5.578519603326645182e+01 3.950790881249758208e+18
5.609930634490896750e+01 3.883038607767372800e+18
5.641378115886706723e+01 3.816453354075158528e+18
5.672862047514077233e+01 3.751014919179071488e+18
5.704382429373004015e+01 3.686703453701331968e+18
5.735939261463491334e+01 3.623499453721949184e+18
5.767532543785534926e+01 3.561383754728948224e+18
5.799162276339136923e+01 3.500337525675216384e+18
5.830828459124296614e+01 3.440342263140204544e+18
5.862531092141016842e+01 3.381379785594524672e+18
5.894270175389295474e+01 3.323432227765684736e+18
5.926045708869131090e+01 3.266482035103104512e+18
5.957857692580525111e+01 3.210511958340683776e+18
5.989706126523477536e+01 3.155505048155191808e+18
6.021591010697989788e+01 3.101444649918763520e+18
6.053512345104059023e+01 3.048314398543837184e+18
6.085470129741688083e+01 2.996098213418865664e+18
6.117464364610873417e+01 2.944780293433264128e+18
6.149495049711617156e+01 2.894345112089905152e+18
6.181562185043920010e+01 2.844777412703705088e+18
6.213665770607782690e+01 2.796062203684707328e+18
6.245826040271481361e+01 2.744758398389748736e+18
6.278068410810477218e+01 2.693499407756142080e+18
6.310398300880473244e+01 2.643217113670991360e+18
6.342815710481467306e+01 2.593892448137709568e+18
6.375320639613463669e+01 2.545506726543217664e+18
6.407913088276455937e+01 2.498041639670899200e+18
6.440593056470450506e+01 2.451479245887126528e+18
6.473360544195442401e+01 2.405801963497488384e+18
6.506215551451433043e+01 2.360992563268743168e+18
6.539158078238422434e+01 2.317034161112798208e+18
6.572188124556413413e+01 2.273910210928994816e+18
6.605305690405403141e+01 2.231604497601103872e+18
6.638510775785391615e+01 2.190101130145522432e+18
6.671803380696377417e+01 2.149384535007243008e+18
6.705183505138363387e+01 2.109439449500263168e+18
6.738651149111350946e+01 2.070250915389150208e+18
6.772206312615334411e+01 2.031804272608600064e+18
6.805848995650319466e+01 1.994085153117836288e+18
6.839579198216301847e+01 1.957079474886876928e+18
6.873396920313284397e+01 1.920773436011632640e+18
6.907302161941265695e+01 1.885153508955004928e+18
6.941294923100248582e+01 1.850206434911118592e+18
6.975375203790230216e+01 1.815919218289947904e+18
7.009543004011209177e+01 1.782279121319639808e+18
7.043798323763186886e+01 1.749273658763891712e+18
7.078141163046163342e+01 1.716890592751842816e+18
7.112571521860142809e+01 1.685117927717945600e+18
7.147089400205121024e+01 1.653943905449391872e+18
7.181694798081096565e+01 1.623357000238673408e+18
7.216387715488069432e+01 1.593345914138963968e+18
7.251168152426043889e+01 1.563899572320049664e+18
7.286036108895015673e+01 1.535007118522551040e+18
7.320991584894989046e+01 1.506657910608286464e+18
7.356034580425962588e+01 1.478841516204649216e+18
7.391165095487933456e+01 1.451547708440908800e+18
7.426383130080903072e+01 1.424766461774418432e+18
7.461688684204871436e+01 1.398487947904760576e+18
7.497081757859841389e+01 1.372702531773874688e+18
7.532562351045811511e+01 1.347400767650296320e+18
7.568130463762777538e+01 1.322573395295649024e+18
7.603786096010743734e+01 1.298211336211586560e+18
7.639529247789708677e+01 1.274305689965438208e+18
7.675359919099672368e+01 1.250847730592819968e+18
7.711278109940637648e+01 1.227828903075536896e+18
7.747283820312603098e+01 1.205240819893135104e+18
7.783377050215564452e+01 1.183075257646492672e+18
7.819557799649524554e+01 1.161324153751881984e+18
7.855826068614484825e+01 1.139979603203979520e+18
7.892181857110446686e+01 1.119033855406310784e+18
7.928625165137407294e+01 1.098479311067685248e+18
7.965155992695365228e+01 1.078308519163166976e+18
8.001774339784320489e+01 1.058514173958202368e+18
8.038480206404277340e+01 1.039089112094533248e+18
8.075273592555234359e+01 1.020026309736558976e+18
8.112154498237190126e+01 1.001318879776846080e+18
8.149122923450146061e+01 9.829600690994965760e+17
8.186178868194099323e+01 9.649432559001543680e+17
8.223322332469051332e+01 9.472619470614016000e+17
8.260553316275002089e+01 9.299097755823769600e+17
8.297871819611955857e+01 9.128804980614387200e+17
8.335277842479908372e+01 8.961679922307429120e+17
8.372771384878856793e+01 8.797662545416145920e+17
8.410352446808805382e+01 8.636693977996288000e+17
8.448021028269752719e+01 8.478716488483470080e+17
8.485777129261701646e+01 8.323673463006516480e+17
8.523620749784647899e+01 8.171509383166827520e+17
8.561548049694397378e+01 8.023779611510737920e+17
8.599549703362335151e+01 7.881035091571322880e+17
8.637620252626450679e+01 7.740855420205758720e+17
8.675759697486741118e+01 7.603193974762711040e+17
8.713968037943210732e+01 7.468004991643815680e+17
8.752245273995855257e+01 7.335243550221164800e+17
8.790591405644673273e+01 7.204865557061509120e+17
8.829006432889669043e+01 7.076827730451255040e+17
8.867490355730841145e+01 6.951087585216449280e+17
8.906043174168191001e+01 6.827603417831887360e+17
8.944664888201715769e+01 6.706334291813836800e+17
8.983355497831415448e+01 6.587240023390716160e+17
9.022115003057291460e+01 6.470281167446507520e+17
9.060943403879342384e+01 6.355419003731400960e+17
9.099840700297569640e+01 6.242615523334644480e+17
9.138806892311976071e+01 6.131833415414397440e+17
9.177841979922557414e+01 6.023036054179687680e+17
9.216945963129313668e+01 5.916187486119476480e+17
9.256118841932244834e+01 5.811252417474123520e+17
9.295360616331352333e+01 5.708196201944545280e+17
9.334671286326639006e+01 5.606984828634410880e+17
9.374050851918099170e+01 5.507584910220944000e+17
9.413499313105737087e+01 5.409963671349789440e+17
9.453016669889549917e+01 5.314088937249760000e+17
9.492602922269537657e+01 5.219929122563065600e+17
9.532258070245701731e+01 5.127453220386967040e+17
9.571982113818046400e+01 5.036630791522720000e+17
9.611775052986564560e+01 4.947431953927827200e+17
9.651636887751257632e+01 4.859827372367653760e+17
9.691567618112127036e+01 4.773788248262568320e+17
9.731567244069169931e+01 4.689286309726865280e+17
9.771635765622393421e+01 4.606293801795745920e+17
9.811773182771790403e+01 4.524783476836748160e+17
9.851979495517365137e+01 4.444728585142037760e+17
9.892254703859114784e+01 4.366102865698169600e+17
9.932598807797039342e+01 4.288880537129781760e+17
9.973011807331143075e+01 4.213036288813997440e+17
1.001349370246142030e+02 4.138545272162186240e+17
1.005404449318787385e+02 4.065383092065863680e+17
1.009466417951050516e+02 3.993525798503619840e+17
1.013535276142931139e+02 3.922949878305987840e+17
1.017611023894429252e+02 3.853632247075136000e+17
1.021693661205545283e+02 3.785550241256551680e+17
1.025783188076278662e+02 3.718681610359700480e+17
1.029879604506629818e+02 3.653004509324816640e+17
1.033982910496598322e+02 3.588497491033107200e+17
1.038093106046184602e+02 3.525139498957503360e+17
1.042210191155388657e+02 3.462909859951375360e+17
1.046330594780892511e+02 3.407637697109480960e+17
1.050448860922025034e+02 3.356386665939165440e+17
1.054563078545912020e+02 3.305909650681902080e+17
1.058673247652552902e+02 3.256194920120423040e+17
1.062779368241948106e+02 3.207230921392455040e+17
1.066881440314097773e+02 3.159006277271676800e+17
1.070979463869001336e+02 3.111509783490213760e+17
1.075073438906659362e+02 3.064730406102043520e+17
1.079163365427071568e+02 3.018657278886715520e+17
1.083249243430237811e+02 2.973279700792712320e+17
1.087331072916158661e+02 2.928587133419905280e+17
1.091408853884833405e+02 2.884569198540473600e+17
1.095482586336262329e+02 2.841215675657678400e+17
1.099552270270445717e+02 2.798516499601964160e+17
1.103617905687383143e+02 2.756461758163782720e+17
1.107679492587075032e+02 2.715041689762560000e+17
1.111737030969520958e+02 2.674246681151309760e+17
1.115790520834721065e+02 2.634067265156280640e+17
1.119839962182675634e+02 2.594494118451149760e+17
1.123885355013384242e+02 2.555518059365224960e+17
1.127926699326847029e+02 2.517130045725097920e+17
1.131963995123064421e+02 2.479321172729296000e+17
1.135997242402035567e+02 2.442082670855386240e+17
1.140026441163761177e+02 2.405405903799031680e+17
1.144051591408241251e+02 2.369282366444542720e+17
1.148072693135475077e+02 2.333703682866423360e+17
1.152089746345463510e+02 2.298661604361413440e+17
1.156102751038205838e+02 2.264148007510622080e+17
1.160111707213702630e+02 2.230154892271216960e+17
1.164116614871953743e+02 2.196674380097276800e+17
1.168117474012958894e+02 2.163698712089339520e+17
1.172114284636718224e+02 2.131220247172184320e+17
1.176107046743232019e+02 2.099231460300458240e+17
1.180095760332499992e+02 2.067724940691693120e+17
1.184080425404522003e+02 2.036693390086293760e+17
1.188061041959298478e+02 2.006129621034095360e+17
1.192037609996828991e+02 1.976026555207088960e+17
1.196010129517113967e+02 1.946377221737880320e+17
1.199978600520152980e+02 1.917174755583546240e+17
1.203943023005946173e+02 1.888412395914430720e+17
1.207903396974493830e+02 1.860083484527563840e+17
1.211859722425795525e+02 1.832181464284288960e+17
1.215811999359851256e+02 1.804699877571724480e+17
1.219760227776661594e+02 1.777632364787724480e+17
1.223704407676225969e+02 1.750972662848960640e+17
1.227644539058544524e+02 1.724714603721759040e+17
1.231580621923617400e+02 1.698852112975370560e+17
1.235512656271444456e+02 1.673379208357323520e+17
1.239440642102025834e+02 1.648289998390495360e+17
1.243364579415361391e+02 1.623578680991619520e+17
1.247284468211450985e+02 1.599239542110848320e+17
1.251200308490295185e+02 1.575266954392087040e+17
1.255112100251893281e+02 1.551655375853769920e+17
1.259023524158162104e+02 1.525547091375544320e+17
1.262939271016821863e+02 1.499067267166517760e+17
1.266860392779712043e+02 1.473049840597317120e+17
1.270786889446832646e+02 1.447486681898807680e+17
1.274718761018184097e+02 1.422369805352720480e+17
1.278656007493765969e+02 1.397691366716431840e+17
1.282598628873578548e+02 1.373443660694240320e+17
1.286546625157621406e+02 1.349619118454322720e+17
1.290499996345894544e+02 1.326210305190496800e+17
1.294458742438398815e+02 1.303209917728005120e+17
1.298422863435133081e+02 1.280610782172504320e+17
1.302392359336098195e+02 1.258405851601451840e+17
1.306367230141293874e+02 1.236588203797153440e+17
1.310347475850720116e+02 1.215151039020684160e+17
1.314333096464376922e+02 1.194087677825938080e+17
1.318324091982264008e+02 1.173391558913096640e+17
1.322320462404381942e+02 1.153056237020763200e+17
1.326322207730730156e+02 1.133075380856093120e+17
1.330329327961309218e+02 1.113442771062207040e+17
1.334341823096118560e+02 1.094152298222204960e+17
1.338359693135158750e+02 1.075197960899130400e+17
1.342382938078429220e+02 1.056573863711222240e+17
1.346411557925930254e+02 1.038274215441800640e+17
1.350445552677662135e+02 1.020293327183178560e+17
1.354484922333624013e+02 1.002625610513962880e+17
1.358529666893817023e+02 9.852655757091395200e+16
1.362579786358240028e+02 9.682078299823592000e+16
1.366635280726893598e+02 9.514470757598163200e+16
1.370696149999778015e+02 9.349781089851681600e+16
1.374762394176892997e+02 9.187958174549211200e+16
1.378834013258238258e+02 9.028951791837214400e+16
1.382911007243814652e+02 8.872712607990243200e+16
1.386993376133621041e+02 8.719192159645993600e+16
1.391081119927657994e+02 8.568342838323412800e+16
1.395174238625925796e+02 8.420117875218867200e+16
1.399272732228423877e+02 8.274471326275254400e+16
1.403376600735152806e+02 8.131358057519011200e+16
1.407485844146112299e+02 7.990733730660395200e+16
1.411600462461302072e+02 7.852554788951982400e+16
1.415720455680722409e+02 7.716778443300908800e+16
1.419845823804373310e+02 7.583362658630193600e+16
1.423976566832254491e+02 7.452266140484566400e+16
1.428112684764366804e+02 7.323448321876435200e+16
1.432254177600709113e+02 7.196869350367691200e+16
1.436401045341282270e+02 7.072490075382903200e+16
1.440553287986085991e+02 6.950272035749911200e+16
1.444710905535119991e+02 6.830177447463617600e+16
1.448873897988385124e+02 6.712169191668841600e+16
1.453042265345879969e+02 6.596210802858498400e+16
1.457216007607605661e+02 6.482266457282943200e+16
1.461394900479856744e+02 6.370978917893412000e+16
1.465578366386698690e+02 6.262669886092788800e+16
1.469766054168206040e+02 6.156208411964128800e+16
1.473957963824379647e+02 6.051562860986903200e+16
1.478154095355218089e+02 5.948702142556707200e+16
1.482354448760722505e+02 5.847595700589840800e+16
1.486559024040892893e+02 5.748213504291111200e+16
1.490767821195728402e+02 5.650526039081892000e+16
1.494980840225229599e+02 5.554504297685627200e+16
1.499198081129396485e+02 5.460119771368140800e+16
1.503419543908228775e+02 5.367344441329906400e+16
1.507645228561727038e+02 5.276150770247752800e+16
1.511875135089890705e+02 5.186511693963333600e+16
1.516109263492719776e+02 5.098400613315760800e+16
1.520347613770214821e+02 5.011791386115997600e+16
1.524590185922375554e+02 4.926658319260444000e+16
1.528836979949201691e+02 4.842976160981296000e+16
1.533087995850693517e+02 4.760720093231346400e+16
1.537343233626851031e+02 4.679865724200848800e+16
1.541602693277674234e+02 4.600389080964092000e+16
1.545866374803162842e+02 4.522266602253550400e+16
1.550134278203316853e+02 4.445475131359221600e+16
1.554406403478136838e+02 4.369991909151127200e+16
1.558682750627622227e+02 4.295794567222726400e+16
1.562963319651773304e+02 4.222861121153152800e+16
1.567248110550590070e+02 4.151169963886234400e+16
1.571537123324072525e+02 4.080699859224262400e+16
1.575830357972220384e+02 4.011429935434434400e+16
1.580127814495034215e+02 3.943339678966134400e+16
1.584429492892513167e+02 3.876408928276983200e+16
1.588735393164658092e+02 3.810617867765888000e+16
1.593045515311468421e+02 3.745947021811142400e+16
1.597359859332944438e+02 3.682377248911762400e+16
1.601678425229086145e+02 3.619889735930305600e+16
1.606001212999893255e+02 3.558465992435367600e+16
1.610328222645366054e+02 3.498087845141998000e+16
1.614659454165504826e+02 3.438737432448399600e+16
1.618994907560308718e+02 3.380397199067184800e+16
1.623334582829778583e+02 3.323049890749531600e+16
1.627678479973913852e+02 3.266678549100694800e+16
1.632026598992714810e+02 3.211266506485178000e+16
1.636378939886181740e+02 3.156797381020104400e+16
1.640735502654313791e+02 3.103255071655205200e+16
1.645096287297111530e+02 3.050623753337901200e+16
1.649461293814574958e+02 2.998887872262037200e+16
1.653830522206703790e+02 2.948032141198812800e+16
1.658203972473498311e+02 2.898041534908431600e+16
1.662581644614958805e+02 2.848901285631121200e+16
1.666963538631084703e+02 2.800596878656132400e+16
1.671349654521876289e+02 2.753114047967314800e+16
1.675739909267508381e+02 2.706540263830821200e+16
1.680129291759420198e+02 2.666688860900075600e+16
1.684512951489264765e+02 2.627428706457206000e+16
1.688890888457040944e+02 2.588750974743618800e+16
1.693263102662749588e+02 2.550646972417871200e+16
1.697629594106390698e+02 2.513108136560342400e+16
1.701990362787963704e+02 2.476126032708085600e+16
1.706345408707469176e+02 2.439692352919382400e+16
1.710694731864907112e+02 2.403798913867585200e+16
1.715038332260276945e+02 2.368437654963792400e+16
1.719376209893579244e+02 2.333600636507879200e+16
1.723708364764813723e+02 2.299280037867530000e+16
1.728034796873980383e+02 2.265468155684770000e+16
1.732355506221079509e+02 2.232157402109627200e+16
1.736670492806110815e+02 2.199340303060508800e+16
1.740979756629074018e+02 2.167009496510857200e+16
1.745283297689969970e+02 2.135157730801718400e+16
1.749581115988798103e+02 2.103777862979826400e+16
1.753873211525558133e+02 2.072862857160788800e+16
1.758159584300251197e+02 2.042405782917025600e+16
1.762440234312876157e+02 2.012399813690082000e+16
1.766715161563433583e+02 1.982838225226908800e+16
1.770984366051923189e+02 1.953714394039810000e+16
1.775247847778344976e+02 1.925021795889627600e+16
1.779505606742699229e+02 1.896754004291875600e+16
1.783757642944985378e+02 1.868904689045437600e+16
1.788003956385203992e+02 1.841467614783484000e+16
1.792244547063355071e+02 1.814436639546298000e+16
1.796479414979438047e+02 1.787805713375661200e+16
1.800708560133453489e+02 1.761568876930460800e+16
1.804931982525401111e+02 1.735720260123231800e+16
1.809149682155280914e+02 1.710254080777271800e+16
1.813361659023093182e+02 1.685164643304054400e+16
1.817567913128837631e+02 1.660446337400621200e+16
1.821768444472513977e+02 1.636093636766632400e+16
1.825963253054123072e+02 1.612101097840806400e+16
1.830152338873664348e+02 1.588463358556439600e+16
1.834335701931137521e+02 1.565175137115710800e+16
1.838513342226543443e+02 1.542231230782500400e+16
1.842685259759881546e+02 1.519626514693439600e+16
1.846851454531152399e+02 1.497355940686899000e+16
1.851011926540354864e+02 1.475414536149675000e+16
1.855166675787489794e+02 1.453797402881065800e+16
1.859315702272557189e+02 1.432499715974111400e+16
1.863459005995556765e+02 1.411516722713721600e+16
1.867596586956488238e+02 1.390843741491420400e+16
1.871728445155352460e+02 1.370476160736487200e+16
1.875854580592148579e+02 1.350409437863228200e+16
1.879976384234296063e+02 1.329747878568730800e+16
1.884096871966957565e+02 1.308364660097535600e+16
1.888217664606399069e+02 1.287325304859524400e+16
1.892338762152621143e+02 1.266624283080547800e+16
1.896460164605622651e+02 1.246256153914375800e+16
1.900581871965404446e+02 1.226215564012551200e+16
1.904703884231966526e+02 1.206497246117257400e+16
1.908826201405308609e+02 1.187096017676808400e+16
1.912948823485430978e+02 1.168006779483406200e+16
1.917071750472333633e+02 1.149224514332805000e+16
1.921194982366016006e+02 1.130744285705541200e+16
1.925318519166478382e+02 1.112561236469352200e+16
1.929442360873721327e+02 1.094670587602483200e+16
1.933566507487743706e+02 1.077067636937517400e+16
1.937690959008546656e+02 1.059747757925404600e+16
1.941815715436129608e+02 1.042706398419377400e+16
1.945940776770492278e+02 1.025939079478414000e+16
1.950066143011635518e+02 1.009441394189949000e+16
1.954191814159558760e+02 9.932090065115226000e+15
1.958317790214262288e+02 9.772376501310480000e+15
1.962444071175745819e+02 9.615231273454144000e+15
1.966570657044009351e+02 9.460613079571296000e+15
1.970697547819052886e+02 9.308481281886940000e+15
1.974824743500876991e+02 9.158795896144462000e+15
1.978952244089480530e+02 9.011517581095818000e+15
1.983080049584864639e+02 8.866607628160721000e+15
1.987208159987029035e+02 8.724027951252196000e+15
1.991336575295973148e+02 8.583741076765684000e+15
1.995465295511697832e+02 8.445710133729193000e+15
1.999594320634202234e+02 8.309898844111885000e+15
2.003723650663486637e+02 8.176271513288418000e+15
2.007853285599551327e+02 8.044793020656753000e+15
2.011983225442396019e+02 7.915428810406802000e+15
2.016113470192020714e+02 7.788144882437513000e+15
2.020244019848425978e+02 7.662907783420050000e+15
2.024374874411611245e+02 7.539684598004744000e+15
2.028506033881576798e+02 7.418442940169338000e+15
2.032637498258322069e+02 7.299150944706509000e+15
2.036769267541847341e+02 7.181777258848173000e+15
2.040901341732153185e+02 7.066291034024554000e+15
2.045033720829238462e+02 6.952661917755793000e+15
2.049166404833104309e+02 6.840860045673891000e+15
2.053299393743750159e+02 6.730856033673018000e+15
2.057432687561175726e+02 6.622620970186066000e+15
2.061566286285381864e+02 6.516126408585333000e+15
2.065700189916368004e+02 6.411344359705534000e+15
2.069834398454134430e+02 6.308247284486954000e+15
2.073968911898680858e+02 6.206808086736966000e+15
2.078103730250007288e+02 6.107000106007986000e+15
2.082238853508113721e+02 6.008797110589887000e+15
2.086374281673000723e+02 5.912173290615167000e+15
2.090510014744667160e+02 5.817103251275016000e+15
2.094646052723113883e+02 5.723562006144407000e+15
2.098782395608340892e+02 5.631524970614611000e+15
2.102919043400348187e+02 5.540967955431299000e+15
2.107055996099135768e+02 5.451867160336542000e+15
2.111193253704703068e+02 5.364199167813122000e+15
2.115330816217050369e+02 5.277940936929372000e+15
2.119468683636177957e+02 5.193069797283054000e+15
2.123606855962085547e+02 5.109563443042642000e+15
2.127745333194773139e+02 5.027399927084368000e+15
2.131883801099831146e+02 4.947302856780598000e+15
2.136021708423185146e+02 4.869046996401362000e+15
2.140158816989651598e+02 4.792029156702614000e+15
2.144295126799231355e+02 4.716229749235323000e+15
2.148430637851923564e+02 4.641629495529163000e+15
2.152565350147728793e+02 4.568209422186559000e+15
2.156699263686646475e+02 4.495950856054419500e+15
2.160832378468678030e+02 4.424835419472271500e+15
2.164964694493821469e+02 4.354845025595652500e+15
2.169096211762077928e+02 4.285961873793444500e+15
2.173226930273447124e+02 4.218168445118146000e+15
2.177356850027929056e+02 4.151447497847803000e+15
2.181485971025524577e+02 4.085782063098501500e+15
2.185614293266232266e+02 4.021155440506354000e+15
2.189741816750052692e+02 3.957551193977743500e+15
2.193868541476986138e+02 3.894953147506925000e+15
2.197994467447032321e+02 3.833345381059784500e+15
2.202119594660191240e+02 3.772712226522754500e+15
2.206243923116463463e+02 3.713038263715852500e+15
2.210367452815847855e+02 3.654308316468854500e+15
2.214490183758345268e+02 3.596507448759511000e+15
2.218612115943955700e+02 3.539620960912957500e+15
2.222733249372678586e+02 3.483634385861242000e+15
2.226853584044515060e+02 3.428533485462065500e+15
2.230973119959463986e+02 3.374304246875815500e+15
2.235091857117525649e+02 3.320932878999884500e+15
2.239209795518700048e+02 3.268405808959488000e+15
2.243326935162987184e+02 3.216709678653998000e+15
2.247443276050387340e+02 3.165831341357942000e+15
2.251558818180900801e+02 3.115757858375796000e+15
2.255673561554526430e+02 3.066476495749766500e+15
2.259787506171265079e+02 3.017974721019599500e+15
2.263900652031116181e+02 2.970240200033761500e+15
2.268012999134080303e+02 2.923260793811042000e+15
2.272124547480158014e+02 2.877024555451834000e+15
2.276235297069347610e+02 2.831519727098347000e+15
2.280345247901650225e+02 2.786734736942849000e+15
2.284454399977065577e+02 2.742658196283341500e+15
2.288562753295593950e+02 2.699278896625799000e+15
2.292670307857235059e+02 2.656585806832274500e+15
2.296777063661989473e+02 2.614568070314147000e+15
2.300883020709856339e+02 2.573215002269813000e+15
2.304988179000835942e+02 2.532516086966053500e+15
2.309092538534928281e+02 2.492460975062470500e+15
2.313196099312133356e+02 2.453039480978260000e+15
2.317298861332452020e+02 2.414241580300650000e+15
2.321400824595882852e+02 2.376057407234388000e+15
2.325501989102426421e+02 2.338477252091545500e+15
2.329602354852083010e+02 2.301491558821098500e+15
2.333701921844852336e+02 2.265090922577590500e+15
2.337800690080734398e+02 2.229266087328276750e+15
2.341898659559730049e+02 2.194007943498132750e+15
2.345995830281837868e+02 2.159307525652171500e+15
2.350092202247058424e+02 2.125156010214380500e+15
2.354187775455392000e+02 2.091544713222823250e+15
2.358282549906838312e+02 2.058465088120238500e+15
2.362376525601397930e+02 2.025908723579608500e+15
2.366469702539069999e+02 1.993867341364170000e+15
2.370562080719854805e+02 1.962332794221242500e+15
2.374653660143752347e+02 1.931297063809447750e+15
2.378744440810762626e+02 1.900752258658696750e+15
2.382834422720886494e+02 1.870690612162475500e+15
2.386923605874122245e+02 1.841104480601927000e+15
2.391011990270471017e+02 1.811986341201157500e+15
2.395099575909932810e+02 1.783328790213371250e+15
2.399186362792507339e+02 1.755124541037267500e+15
2.403272350918194604e+02 1.727366422363256250e+15
2.407357540286995459e+02 1.700047376349012500e+15
2.411441930898908481e+02 1.673160456823916750e+15
2.415525522753934240e+02 1.646698827521884500e+15
2.419608315852072735e+02 1.620655760342195500e+15
2.423690310193324535e+02 1.595024633637830000e+15
2.427771505777689072e+02 1.569798930530900000e+15
2.431851902605166345e+02 1.544972237254750000e+15
2.435931683471276585e+02 1.520403068808244500e+15
2.440011241199719905e+02 1.496069675707574000e+15
2.444090785335898204e+02 1.472125728048566500e+15
2.448170315879811199e+02 1.448564992924953750e+15
2.452249832831459742e+02 1.425381337185444000e+15
2.456329336190842128e+02 1.402568725837198500e+15
2.460408825957959493e+02 1.380121220474830500e+15
2.464488302132811839e+02 1.358032977734575500e+15
2.468567764715398880e+02 1.336298247773190250e+15
2.472647213705721470e+02 1.314911372771190000e+15
2.476726649103777902e+02 1.293866785460064250e+15
2.480806070909569314e+02 1.273159007673026250e+15
2.484885479123095990e+02 1.252782648918991000e+15
2.488964581763308672e+02 1.232907482384404750e+15
2.493042089945427620e+02 1.213939152695406750e+15
2.497117018124835681e+02 1.195263130334260500e+15
2.501189366301531436e+02 1.176874904005470750e+15
2.505259134475516021e+02 1.158770032134092250e+15
2.509326322646788867e+02 1.140944141786864000e+15
2.513390930815350259e+02 1.123392927610042125e+15
2.517452958981200482e+02 1.106112150783691750e+15
2.521512407144338681e+02 1.089097637992186500e+15
2.525569275304765426e+02 1.072345280410638875e+15
2.529623563462480433e+02 1.055851032707048625e+15
2.533675271617483702e+02 1.039610912059904250e+15
2.537724399769775516e+02 1.023620997191000875e+15
2.541770947919356445e+02 1.007877427413239625e+15
2.545814916066225351e+02 9.923764016931857500e+14
2.549856304210382518e+02 9.771141777281317500e+14
2.553895112351828232e+02 9.620870710374711250e+14
2.557931340490562491e+02 9.472914540681407500e+14
2.561964988626585296e+02 9.327237553139167500e+14
2.565996056759896646e+02 9.183804584483623750e+14
2.570024544890495690e+02 9.042581014711872500e+14
2.574050453018383564e+02 8.903532758678451250e+14
2.578073781143559700e+02 8.766626257821390000e+14
2.582094529266024665e+02 8.631828472016456250e+14
2.586112697385778461e+02 8.499106871557495000e+14
2.590128285502819949e+02 8.368429429261095000e+14
2.594141293617150268e+02 8.239764612693338750e+14
2.598151721728768848e+02 8.113081376517135000e+14
2.602159569837675690e+02 7.988349154957926250e+14
2.606164837943871930e+02 7.865537854386141250e+14
2.610167526047355864e+02 7.744617846014545000e+14
2.614167634148128059e+02 7.625559958708546250e+14
2.618165162246189084e+02 7.508335471907981250e+14
2.622160110341538370e+02 7.392916108658436250e+14
2.626152478434175919e+02 7.279274028750497500e+14
2.630142266524102297e+02 7.167381821965211250e+14
2.634129474611316937e+02 7.057212501424222500e+14
2.638114102695819270e+02 6.948739497042721250e+14
2.642096150777610433e+02 6.841936649083918750e+14
2.646075618856690426e+02 6.736778201813232500e+14
2.650052506933059817e+02 6.633238797250766250e+14
2.654026815006716902e+02 6.531293469020538750e+14
2.657998543077661679e+02 6.430917636294830000e+14
2.661967691145895287e+02 6.332087097832437500e+14
2.665934259211417725e+02 6.234778026109143750e+14
2.669898247274227856e+02 6.138966961539062500e+14
2.673859655334327385e+02 6.044630806785451250e+14
2.677818483391714608e+02 5.951746821159668750e+14
2.681774731446390092e+02 5.860292615106696250e+14
2.685728399498354406e+02 5.770246144776166250e+14
2.689679487547607550e+02 5.681585706677368750e+14
2.693627995594148956e+02 5.594289932417002500e+14
2.697573923637978623e+02 5.508337783518441875e+14
2.701517815001895428e+02 5.422225853030843125e+14
2.705461323724907743e+02 5.334455203153308125e+14
2.709405551301249488e+02 5.248105488624271875e+14
2.713350497730921234e+02 5.163153702773030625e+14
2.717296163013923547e+02 5.079577211482577500e+14
2.721242547150255859e+02 4.997353747155976250e+14
2.725189650139918172e+02 4.916461402780377500e+14
2.729137471982909915e+02 4.836878626087271250e+14
2.733086012679232795e+02 4.758584213807287500e+14
2.737035272228885674e+02 4.681557306018046875e+14
2.740985250631867416e+02 4.605777380583621875e+14
2.744935947888179726e+02 4.531224247683952500e+14
2.748887363997822604e+02 4.457878044432983750e+14
2.752839498960794913e+02 4.385719229583911875e+14
2.756792352777097221e+02 4.314728578320208125e+14
2.760745925446730666e+02 4.244887177131009375e+14
2.764700216969693543e+02 4.176176418769543125e+14
2.768655227345985850e+02 4.108577997293145000e+14
2.772610956575609293e+02 4.042073903183674375e+14
2.776567404658562168e+02 3.976646418546948125e+14
2.780524571594845611e+02 3.912278112389912500e+14
2.784482457384458485e+02 3.848951835974358750e+14
2.788441062027401358e+02 3.786650718245812500e+14
2.792400385523674800e+02 3.725358161336538750e+14
2.796360427873277672e+02 3.665057836141350625e+14
2.800321189076211112e+02 3.605733677965075625e+14
2.804282669132475121e+02 3.547369882240522500e+14
2.808244868042068560e+02 3.489950900315830000e+14
2.812207785804992000e+02 3.433461435309979375e+14
2.816171422421245438e+02 3.377886438035507500e+14
2.820135777890828876e+02 3.323211102987216875e+14
2.824100852213742883e+02 3.269420864395861250e+14
2.828066645389986888e+02 3.216501392345784375e+14
2.832033157419560325e+02 3.164438588955361875e+14
2.836000388302464330e+02 3.113218584619380000e+14
2.839968338038698334e+02 3.062827734312250000e+14
2.843937006628262907e+02 3.013252613951079375e+14
2.847906394071156910e+02 2.964480016817698750e+14
2.851876500367380913e+02 2.916496950038558750e+14
2.855847325516934916e+02 2.869290631121720000e+14
2.859818869519819486e+02 2.822848484549886250e+14
2.863791132376033488e+02 2.777158138428628750e+14
2.867764114085578058e+02 2.732207421188896250e+14
2.871737814648452058e+02 2.687984358342949688e+14
2.875712234064656627e+02 2.644477169292791562e+14
2.879687372334190627e+02 2.601674264190337500e+14
2.883663229457055763e+02 2.559564240848415312e+14
2.887639805433250899e+02 2.518135881701794062e+14
2.891617100262775466e+02 2.477378150817455312e+14
2.895595113945630033e+02 2.437280190953238750e+14
2.899573846481815167e+02 2.397831320664172500e+14
2.903553297871329733e+02 2.359021031455652188e+14
2.907533468114174298e+02 2.320838984982720312e+14
2.911516615032135746e+02 2.280708869451856250e+14
2.915508821542121609e+02 2.236982527291225000e+14
2.919513887072016587e+02 2.194117209400589062e+14
2.923531811621820680e+02 2.152095396129843125e+14
2.927562595191533887e+02 2.110899938894562812e+14
2.931606237781156779e+02 2.070514051925933750e+14
2.935662739390687648e+02 2.030921304215016875e+14
2.939732100020128200e+02 1.992105611646391875e+14
2.943814319669477868e+02 1.954051229316515312e+14
2.947909398338736651e+02 1.916742744032083125e+14
2.952017336027903980e+02 1.880165066983937500e+14
2.956138132736980992e+02 1.844303426592098438e+14
2.960271788465966551e+02 1.809143361517708125e+14
2.964418303214861794e+02 1.774670713837647812e+14
2.968577676983665583e+02 1.740871622377884062e+14
2.972749909772377919e+02 1.707732516201548750e+14
2.976935001581001075e+02 1.675240108247935000e+14
2.981132952409532209e+02 1.643381389118710938e+14
2.985343762257972458e+02 1.612143621007661875e+14
2.989567431126321253e+02 1.581514331770508750e+14
2.993803959014579732e+02 1.551481309131295625e+14
2.998053345922747326e+02 1.522032595022043125e+14
3.002315591850824603e+02 1.493156480052374688e+14
3.006590696798809859e+02 1.464841498105978750e+14
3.010878660766704797e+02 1.437076421060761250e+14
3.015179483754508283e+02 1.409850253629736250e+14
3.019493165762221452e+02 1.383152228319688906e+14
3.023819706789843735e+02 1.356971800504753281e+14
3.028159106837373997e+02 1.331298643612152969e+14
3.032511365904814511e+02 1.306122644417337344e+14
3.036876483992163571e+02 1.281433898445945781e+14
3.041254461099421746e+02 1.257222705479971406e+14
3.045645297226588468e+02 1.233479565165648438e+14
3.050048992373665442e+02 1.210195172720605156e+14
3.054465546540650962e+02 1.187360414737929062e+14
3.058894959727545597e+02 1.164966365084781406e+14
3.063337231934348779e+02 1.143004280893359219e+14
3.067792363161061644e+02 1.121465598641961406e+14
3.072260353407684192e+02 1.100341930324028125e+14
3.076741202674214719e+02 1.079625059703079844e+14
3.081234910960654361e+02 1.059306938651472969e+14
3.085741478267003686e+02 1.039379683571042031e+14
3.090260904593261557e+02 1.019835571893657656e+14
3.094793189939428544e+02 1.000667038659819219e+14
3.099338334305505214e+02 9.818666731734481250e+13
3.103896227895282891e+02 9.634731974325848438e+13
3.108466226177086469e+02 9.456514663308453125e+13
3.113047801245945720e+02 9.281653318474106250e+13
3.117640953101861783e+02 9.110083372439614062e+13
3.122245681744833519e+02 8.941741532637529688e+13
3.126861987174860928e+02 8.776565755350450000e+13
3.131489869391945149e+02 8.614495220294032812e+13
3.136129328396084475e+02 8.455470305737014062e+13
3.140780364187280043e+02 8.299432564146118750e+13
3.145442976765531853e+02 8.146324698344335938e+13
3.150117166130840474e+02 7.996090538171309375e+13
3.154802932283204200e+02 7.848675017634851562e+13
3.159500275222624168e+02 7.704024152542526562e+13
3.164209194949099810e+02 7.562085018603193750e+13
3.168929691462632263e+02 7.422805729987831250e+13
3.173661764763220390e+02 7.286135418339812500e+13
3.178405414850864190e+02 7.152024212224779688e+13
3.183160641725564233e+02 7.020423217010317969e+13
3.187927445387320518e+02 6.891284495166396094e+13
3.192705825836133045e+02 6.764561046977110938e+13
3.197495783072001245e+02 6.640206791654935938e+13
3.202297317094925688e+02 6.518176548848646875e+13
3.207110427904906373e+02 6.398426020536499219e+13
3.211935115501942164e+02 6.280911773296053125e+13
3.216771379886034765e+02 6.165591220942785938e+13
3.221619221057183609e+02 6.052422607529289844e+13
3.226478639015388126e+02 5.941364990697339844e+13
3.231349633760648885e+02 5.832378225375256250e+13
3.236232205292965318e+02 5.725422947812926562e+13
3.241126353612337994e+02 5.620460559947464062e+13
3.246032078718766343e+02 5.517453214092192188e+13
3.250949380612250934e+02 5.416363797942076562e+13
3.255878259292792904e+02 5.317155919888768750e+13
3.260818714760389412e+02 5.219793894638710938e+13
3.265770747015042161e+02 5.124242729127585156e+13
3.270734356056751153e+02 5.030468108725043750e+13
3.275709541885515819e+02 4.938436383723290625e+13
3.280696304501336726e+02 4.848114556103520312e+13
3.285694643904213876e+02 4.759470266574335938e+13
3.290704560094146700e+02 4.672471781876174219e+13
3.295726053071136334e+02 4.587087982346285156e+13
3.300759122835181074e+02 4.503288349738547656e+13
3.305803769386282056e+02 4.421042955292787500e+13
3.310859992724439849e+02 4.340322448048240625e+13
3.315927792849653315e+02 4.261098043396065625e+13
3.321007169761921887e+02 4.183341511865660938e+13
3.326093555665685813e+02 4.114340907160123438e+13
3.331182411617170942e+02 4.046549218067777344e+13
3.336273694056249042e+02 3.979875432034428906e+13
3.341367402982919543e+02 3.914301098802856250e+13
3.346463538397181878e+02 3.849808072899615625e+13
3.351562100299036615e+02 3.786378508595487500e+13
3.356663088688483754e+02 3.723994854949295312e+13
3.361766503565523863e+02 3.662639850933759375e+13
3.366872344930155805e+02 3.602296520642064062e+13
3.371980612782379580e+02 3.542948168573665625e+13
3.377091307122195758e+02 3.484578374998226953e+13
3.382204427949604337e+02 3.427170991396213281e+13
3.387319975264605318e+02 3.370710135974973438e+13
3.392437949067199270e+02 3.315180189259010547e+13
3.397558349357385055e+02 3.260565789753265234e+13
3.402681176135163241e+02 3.206851829678106641e+13
3.407806429400533830e+02 3.154023450774957812e+13
3.412934109153496252e+02 3.102066040181310156e+13
3.418064215394051644e+02 3.050965226373994922e+13
3.423196748122199438e+02 3.000706875179608984e+13
3.428331707337938496e+02 2.951277085850908203e+13
3.433469093041271094e+02 2.902662187208174609e+13
3.438608905232195525e+02 2.854848733844410938e+13
3.443751143910711789e+02 2.807823502393328906e+13
3.448895809076822161e+02 2.761573487859078906e+13
3.454042900730523229e+02 2.716085900006744531e+13
3.459192418871817267e+02 2.671348159812494141e+13
3.464344363500703139e+02 2.627347895972528125e+13
3.469498734617181412e+02 2.584072941469757031e+13
3.474655532221252656e+02 2.541511330197282422e+13
3.479814756312915733e+02 2.499651293637766797e+13
3.484976406892170644e+02 2.458481257597691016e+13
3.490140483959018525e+02 2.417989838995688281e+13
3.495306987513458807e+02 2.378165842703991406e+13
3.500475917555490923e+02 2.338998258442130078e+13
3.505647274085116010e+02 2.300476257722018750e+13
3.510821057102333498e+02 2.262589190843600781e+13
3.515997266607142251e+02 2.225326583940146875e+13
3.521175902599543974e+02 2.188678136072476172e+13
3.526359700806885371e+02 2.150381507922549219e+13
3.531559596031667070e+02 2.106130452267542188e+13
3.536783699191580581e+02 2.062834508041984375e+13
3.542032010286625336e+02 2.020471789857665625e+13
3.547304529316801904e+02 1.979020951963017578e+13
3.552601256282110285e+02 1.938461173730488672e+13
3.557922191182549909e+02 1.898772145574406641e+13
3.563267334018122483e+02 1.859934055285112500e+13
3.568636684788826301e+02 1.821927574765748438e+13
3.574030243494661931e+02 1.784733847158462891e+13
3.579448010135628806e+02 1.748334474347452539e+13
3.584889984711727493e+02 1.712711504826538867e+13
3.590356167222958561e+02 1.677847421919528906e+13
3.595846557669321442e+02 1.643725132342012695e+13
3.601361156050815566e+02 1.610327955093583203e+13
3.606899962367441503e+02 1.577639610670002539e+13
3.612462798644711484e+02 1.545742111841915820e+13
3.618048910544146111e+02 1.514828198940749805e+13
3.623657728124717323e+02 1.484556974246294336e+13
3.629289251386422848e+02 1.454914415392063477e+13
3.634943480329264958e+02 1.425886824675716992e+13
3.640620414953243085e+02 1.397460820986859180e+13
3.646320055258356660e+02 1.369623331952769336e+13
3.652042401244607390e+02 1.342361586295640234e+13
3.657787452911993000e+02 1.315663106395099023e+13
3.663555210260514627e+02 1.289515701049936133e+13
3.669345673290172272e+02 1.263907458433255273e+13
3.675158842000965365e+02 1.238826739235358398e+13
3.680994716392894475e+02 1.214262169988904688e+13
3.686853296465960170e+02 1.190202636571049805e+13
3.692734582220161883e+02 1.166637277877452734e+13
3.698638573655499044e+02 1.143555479663147461e+13
3.704565270771971655e+02 1.120946868545531250e+13
3.710514673569580282e+02 1.098801306164769727e+13
3.716486782048325495e+02 1.077108883497134570e+13
3.722481596208206156e+02 1.055859915316910742e+13
3.728499116049222835e+02 1.035044934802613086e+13
3.734539341571375530e+02 1.014654688283466016e+13
3.740614748093562980e+02 9.906434861429453125e+12
3.746739094259460785e+02 9.667962477197968750e+12
3.752913839356742756e+02 9.435864534531626953e+12
3.759138983385407755e+02 9.209947176225501953e+12
3.765414526345455783e+02 8.990023377531437500e+12
3.771740468236887978e+02 8.775912665057666992e+12
3.778116809059703201e+02 8.567440849106050781e+12
3.784543548813903726e+02 8.364439768709768555e+12
3.791020687499486144e+02 8.166747048679994141e+12
3.797548225116453295e+02 7.974205868012243164e+12
3.804126161664803476e+02 7.786664739043536133e+12
3.810754497144537822e+02 7.603977296787733398e+12
3.817433231555655198e+02 7.426002097911255859e+12
3.824162364898157307e+02 7.252602428843399414e+12
3.830941897172042445e+02 7.083646122545677734e+12
3.837771828377311749e+02 6.919005383492116211e+12
3.844652158513964082e+02 6.758556620439396484e+12
3.851582887582000012e+02 6.602180286589441406e+12
3.858564243951740877e+02 6.449343648752591797e+12
3.865601556962960785e+02 6.291348765426393555e+12
3.872699849526782145e+02 6.137681326599604492e+12
3.879859121643205526e+02 5.988205437360195312e+12
3.887079373312229791e+02 5.842790183764141602e+12
3.894360604533856645e+02 5.701309418626247070e+12
3.901702815308085519e+02 5.563641558044755859e+12
3.909106005634915277e+02 5.429669388041853516e+12
3.916570175514346488e+02 5.299279880742078125e+12
3.924095324946379151e+02 5.172364019548473633e+12
3.931681453931014403e+02 5.048816632810530273e+12
3.939328562468251675e+02 4.928536235510298828e+12
3.947036650558090400e+02 4.811424878523046875e+12
3.954805718200530009e+02 4.697388005036236328e+12
3.962635765395571639e+02 4.586334313737045898e+12
3.970526792143214152e+02 4.478175628402051758e+12
3.978478798443459254e+02 4.372826773545548340e+12
3.986511455195592930e+02 4.249585852514441895e+12
3.994648260611575665e+02 4.126306292334527344e+12
4.002893290585083719e+02 4.007302701994554688e+12
4.011246545116117090e+02 3.892393185837000000e+12
4.019708024204675780e+02 3.781405360379298828e+12
4.028277727850760925e+02 3.674175753231869141e+12
4.036955656054370820e+02 3.570549246783358887e+12
4.045741808815506033e+02 3.470378562815291504e+12
4.054626402400993470e+02 3.380857818425218262e+12
4.063592831090039112e+02 3.299037617073688965e+12
4.072634227990948261e+02 3.219420750195153320e+12
4.081750593103718643e+02 3.141939553756396484e+12
4.090941926428351962e+02 3.066528777199142090e+12
4.100208227964848220e+02 2.993125482789618164e+12
4.109549497713206279e+02 2.921668949849623535e+12
4.118965735673427275e+02 2.852100583597335449e+12
4.128456941845511778e+02 2.784363828343078613e+12
4.138023116229458083e+02 2.718404084801350586e+12
4.147664258825266757e+02 2.654168631294951172e+12
4.157364057006485041e+02 2.600234847279733887e+12
4.167100121879625476e+02 2.550730748363107422e+12
4.176866217495723959e+02 2.502192857550769531e+12
4.186662343854778214e+02 2.454601734095610840e+12
4.196488500956789380e+02 2.407938343209716309e+12
4.206344688801757457e+02 2.362184047197495117e+12
4.216230907389681875e+02 2.317320596793096680e+12
4.226147156720563203e+02 2.273330122697143066e+12
4.236093436794402578e+02 2.230195127307888184e+12
4.246069747611197727e+02 2.187898476642086670e+12
4.256076089170948649e+02 2.146423392440856201e+12
4.266112461473657049e+02 2.105753444456152588e+12
4.276178864519322360e+02 2.065872542913368652e+12
4.286275298307945718e+02 2.026764931145831055e+12
4.296401762839524281e+02 1.988415178397039551e+12
4.306558258114059754e+02 1.950808172786528076e+12
4.316744784131552137e+02 1.913929114435500732e+12
4.326961340892000862e+02 1.877763508748310059e+12
4.337207928395407066e+02 1.842297159846062500e+12
