0.000000000000000000e+00 2.134138832907172521e-07
1.972595959595957460e+00 2.715645897230398719e-07
3.945191919191914920e+00 3.455601165880229006e-07
5.917787878787872380e+00 4.397178376536952003e-07
7.890383838383829840e+00 5.595315184516957600e-07
9.862979797979788188e+00 7.119918578045644338e-07
1.183557575757574476e+01 9.059943700450513515e-07
1.380817171717173153e+01 1.152858406392958810e-06
1.578076767676768988e+01 1.466987598526487944e-06
1.775336363636364823e+01 1.866710258863282851e-06
1.972595959595960480e+01 2.375348771895228209e-06
2.169855555555556137e+01 3.022580371728385363e-06
2.367115151515151794e+01 3.846168702320011469e-06
2.564374747474747807e+01 4.894167190746028789e-06
2.761634343434343464e+01 6.227722792431464382e-06
2.958893939393939121e+01 7.924643696828496069e-06
3.156153535353535133e+01 1.008393915638060862e-05
3.353413131313130435e+01 1.283159632152061164e-05
3.550672727272726803e+01 1.632793113931862538e-05
3.747932323232322460e+01 2.077694221436800204e-05
3.945191919191918117e+01 2.643821339616460336e-05
4.142451515151516617e+01 3.364205956629032332e-05
4.339711111111112274e+01 4.280879932779464882e-05
4.536970707070707931e+01 5.447327908912176579e-05
4.734230303030303588e+01 6.931607943497575318e-05
4.931489898989899956e+01 8.820322456401128927e-05
5.128749494949495613e+01 1.122367116967068582e-04
5.326009090909091270e+01 1.428188086632556483e-04
5.523268686868686927e+01 1.817338712052635327e-04
5.720528282828282585e+01 2.312524537375484706e-04
5.917787878787878242e+01 2.942637880598238977e-04
6.115047474747473899e+01 3.744443596762456368e-04
6.312307070707070267e+01 4.764724175468344845e-04
6.509566666666667345e+01 6.063009331458958867e-04
6.706826262626262292e+01 7.715049350101174045e-04
6.904085858585858659e+01 9.817234845022669663e-04
7.101345454545455027e+01 1.249222080492115279e-03
7.298605050505049974e+01 1.589608307251862140e-03
7.495864646464646341e+01 2.022742481055657231e-03
7.693124242424242709e+01 2.573896428448229148e-03
7.890383838383839077e+01 3.275228006741129176e-03
8.087643434343434024e+01 4.167657399722466023e-03
8.284903030303030391e+01 5.303254663709367281e-03
8.482162626262626759e+01 6.748277828697729804e-03
8.679422222222221706e+01 8.587038816921693449e-03
8.876681818181818073e+01 1.092682274131407880e-02
9.073941414141414441e+01 1.390414760730054877e-02
9.271201010101010809e+01 1.769272964909025803e-02
9.468460606060605755e+01 2.251361904928537994e-02
9.665720202020202123e+01 2.864809742471863610e-02
9.862979797979798491e+01 3.645408960058872661e-02
1.006023939393939344e+02 4.638704724108926730e-02
1.025749898989898981e+02 5.902652282152444363e-02
1.045475858585858617e+02 7.510998443793459600e-02
1.065201818181818254e+02 9.557584442716912654e-02
1.084927777777777749e+02 1.216182123631608381e-01
1.104653737373737385e+02 1.547565670704791896e-01
1.124379696969697022e+02 1.969244127674274758e-01
1.144105656565656517e+02 2.505820921068591667e-01
1.163831616161616154e+02 3.188603383512870759e-01
1.183557575757575790e+02 4.057429424371639670e-01
1.203283535353535427e+02 5.162991928967917143e-01
1.223009494949494922e+02 6.569796506741717446e-01
1.242735454545454559e+02 8.359925162351321548e-01
1.262461414141414195e+02 1.063782548643592341e+00
1.282187373737373832e+02 1.353640479815459097e+00
1.301913333333333469e+02 1.722478481087520663e+00
1.321639292929293106e+02 2.191816927796109926e+00
1.341365252525252458e+02 2.789040036041813497e+00
1.361091212121212095e+02 3.548993633544788917e+00
1.380817171717171732e+02 4.516018288793275381e+00
1.400543131313131369e+02 5.746536424283472222e+00
1.420269090909091005e+02 7.312344362635601946e+00
1.439995050505050358e+02 9.304801384676792964e+00
1.459721010101009995e+02 1.184016021601552637e+01
1.479446969696969632e+02 1.506634995689227274e+01
1.499172929292929553e+02 1.917160721495187303e+01
1.518898888888888621e+02 2.439545903659635329e+01
1.538624848484848542e+02 3.104269845159934249e+01
1.558350808080807894e+02 3.950116805391196095e+01
1.578076767676767815e+02 5.026438922686555344e+01
1.597802727272727452e+02 6.396035734694248731e+01
1.617528686868686805e+02 8.138818306305066130e+01
1.637254646464646441e+02 1.035647175386102106e+02
1.656980606060606078e+02 1.317838820722047330e+02
1.676706565656565715e+02 1.676921637675127954e+02
1.696432525252525352e+02 2.133846821542473720e+02
1.716158484848484704e+02 2.715274319031149730e+02
1.735884444444444341e+02 3.455128340590354128e+02
1.755610404040403978e+02 4.396576716495562778e+02
1.775336363636363615e+02 5.594549585017169875e+02
1.795062323232322967e+02 7.118944369100833001e+02
1.814788282828282604e+02 9.058704040460609122e+02
1.834514242424242525e+02 1.152700662317756723e+03
1.854240202020202162e+02 1.466786872573688925e+03
1.873966161616161799e+02 1.866454839393014936e+03
1.893692121212121151e+02 2.375023756096903526e+03
1.913418080808080788e+02 3.022166796095144036e+03
1.933144040404040425e+02 3.845642436196035760e+03
1.952870000000000061e+02 4.893497528389311810e+03
1.952870000000000061e+02 4.992500000000000909e+03
1.979300000000000068e+02 6.493000000000000909e+03
2.005749999999999886e+02 9.524700000000000728e+03
2.032189999999999941e+02 1.361400000000000182e+04
2.058379999999999939e+02 1.739500000000000364e+04
2.084840000000000089e+02 2.266300000000000364e+04
2.110709999999999980e+02 2.499200000000000364e+04
2.136810000000000116e+02 2.263700000000000364e+04
2.162280000000000086e+02 2.512600000000000364e+04
2.188760000000000048e+02 2.898000000000000364e+04
2.215250000000000057e+02 2.796300000000000364e+04
2.241479999999999961e+02 2.938800000000000364e+04
2.267980000000000018e+02 3.212700000000000364e+04
2.294480000000000075e+02 3.377700000000000728e+04
2.320730000000000075e+02 3.562900000000000728e+04
2.347249999999999943e+02 3.489200000000000728e+04
2.373170000000000073e+02 3.482000000000000728e+04
2.399070000000000107e+02 3.512600000000000728e+04
2.425600000000000023e+02 3.686200000000000728e+04
2.451879999999999882e+02 3.380300000000000728e+04
2.478429999999999893e+02 3.409400000000000728e+04
2.503969999999999914e+02 3.402000000000000728e+04
2.530519999999999925e+02 3.601100000000000728e+04
2.556819999999999879e+02 3.505800000000000728e+04
2.583389999999999986e+02 3.401800000000000728e+04
2.608740000000000236e+02 3.326700000000000728e+04
2.635319999999999823e+02 3.460600000000000728e+04
2.661639999999999873e+02 3.185100000000000364e+04
2.688229999999999791e+02 3.120900000000000364e+04
2.714569999999999936e+02 3.234900000000000364e+04
2.740910000000000082e+02 3.336000000000000728e+04
2.767520000000000095e+02 3.280100000000000728e+04
2.793509999999999991e+02 3.315100000000000728e+04
2.819870000000000232e+02 3.136400000000000364e+04
2.845889999999999986e+02 2.864900000000000364e+04
2.871519999999999868e+02 2.879700000000000364e+04
2.897889999999999873e+02 3.026800000000000364e+04
2.924540000000000077e+02 3.044900000000000364e+04
2.950559999999999832e+02 2.979500000000000364e+04
2.976949999999999932e+02 2.798500000000000364e+04
3.003349999999999795e+02 2.898400000000000364e+04
3.029420000000000073e+02 3.208500000000000364e+04
3.055830000000000268e+02 2.927400000000000364e+04
3.082250000000000227e+02 2.448600000000000364e+04
3.108310000000000173e+02 3.656000000000000728e+04
3.134750000000000227e+02 5.395700000000000728e+04
3.161179999999999950e+02 4.472000000000000728e+04
3.187880000000000109e+02 3.981800000000000728e+04
3.214320000000000164e+02 3.150100000000000364e+04
3.239060000000000059e+02 2.523300000000000364e+04
3.265509999999999877e+02 2.218900000000000364e+04
3.291979999999999791e+02 2.127200000000000364e+04
3.318439999999999941e+02 1.385200000000000182e+04
3.344560000000000173e+02 3.936000000000000728e+04
3.371050000000000182e+02 5.748000000000000728e+04
3.396940000000000168e+02 5.794100000000000728e+04
3.423430000000000177e+02 4.970200000000000728e+04
3.449560000000000173e+02 4.125300000000000728e+04
3.476059999999999945e+02 3.675200000000000728e+04
3.502579999999999814e+02 3.882700000000000728e+04
3.529089999999999918e+02 4.109800000000000728e+04
3.555620000000000118e+02 3.961700000000000728e+04
3.581170000000000186e+02 3.300800000000000728e+04
3.607440000000000282e+02 2.948100000000000364e+04
3.633990000000000009e+02 2.841900000000000364e+04
3.659409999999999741e+02 2.836600000000000364e+04
3.685969999999999800e+02 2.579300000000000364e+04
3.712520000000000095e+02 2.265100000000000364e+04
3.738489999999999895e+02 2.267400000000000364e+04
3.764429999999999836e+02 2.386500000000000364e+04
3.791000000000000227e+02 2.469200000000000364e+04
3.817579999999999814e+02 2.731100000000000364e+04
3.844169999999999732e+02 2.879500000000000364e+04
3.870140000000000100e+02 3.025900000000000364e+04
3.896139999999999759e+02 3.078300000000000364e+04
3.922740000000000009e+02 2.539900000000000364e+04
3.948709999999999809e+02 1.399500000000000182e+04
3.975319999999999823e+02 -9.212300000000001091e+03
4.001929999999999836e+02 -3.564500000000000728e+04
4.027939999999999827e+02 -1.758700000000000364e+04
4.053990000000000009e+02 2.307500000000000364e+04
4.080389999999999873e+02 7.523200000000001455e+04
4.107040000000000077e+02 7.762800000000001455e+04
4.132559999999999718e+02 6.821900000000001455e+04
4.158960000000000150e+02 6.973900000000001455e+04
4.185049999999999955e+02 1.229800000000000146e+05
4.211080000000000041e+02 1.186300000000000146e+05
4.237749999999999773e+02 8.810000000000001455e+04
4.264150000000000205e+02 4.618200000000000728e+04
4.290459999999999923e+02 4.619900000000000728e+04
4.316890000000000214e+02 4.342200000000000728e+04
4.342620000000000005e+02 4.094200000000000728e+04
4.369069999999999823e+02 4.378900000000000728e+04
4.395520000000000209e+02 5.576700000000000728e+04
4.421870000000000118e+02 5.784900000000000728e+04
4.448319999999999936e+02 4.624000000000000728e+04
4.474449999999999932e+02 4.505100000000000728e+04
4.500550000000000068e+02 3.762900000000000728e+04
4.527019999999999982e+02 2.991200000000000364e+04
4.553770000000000095e+02 2.174000000000000364e+04
4.579879999999999995e+02 1.939300000000000364e+04
4.605779999999999745e+02 1.985600000000000364e+04
4.631159999999999854e+02 1.863500000000000364e+04
4.657930000000000064e+02 1.788600000000000364e+04
4.684440000000000168e+02 1.826400000000000364e+04
4.710590000000000259e+02 1.729400000000000364e+04
4.736519999999999868e+02 1.746600000000000364e+04
4.762939999999999827e+02 1.626400000000000182e+04
4.789470000000000027e+02 1.583100000000000182e+04
4.816019999999999754e+02 1.493000000000000182e+04
4.841589999999999918e+02 1.404500000000000182e+04
4.868149999999999977e+02 1.396600000000000182e+04
4.894340000000000259e+02 1.460900000000000182e+04
4.920899999999999750e+02 1.326500000000000182e+04
4.947470000000000141e+02 1.165000000000000182e+04
4.973340000000000032e+02 1.041100000000000182e+04
4.999929999999999950e+02 9.664300000000001091e+03
5.026139999999999759e+02 8.086100000000001273e+03
5.076329999999999814e+02 9.078000000000001819e+03
5.122759999999999536e+02 9.117100000000000364e+03
5.179629999999999654e+02 6.615000000000000909e+03
5.234059999999999491e+02 5.536700000000000728e+03
5.284479999999999791e+02 4.488900000000000546e+03
5.344170000000000300e+02 2.222900000000000091e+03
5.396130000000000564e+02 2.249100000000000364e+03
5.446219999999999573e+02 1.879700000000000273e+03
5.504379999999999882e+02 1.713100000000000307e+02
5.555969999999999800e+02 3.411500000000000341e+02
5.609109999999999445e+02 -5.100700000000000500e+01
5.661409999999999627e+02 -2.869700000000000273e+02
5.714080000000000155e+02 -1.080000000000000227e+03
5.768790000000000191e+02 -2.002100000000000136e+03
5.820589999999999691e+02 -2.691000000000000455e+03
5.876720000000000255e+02 -4.022400000000000546e+03
5.927200000000000273e+02 -4.841400000000000546e+03
5.986459999999999582e+02 -6.514800000000001091e+03
6.037240000000000464e+02 -6.403100000000000364e+03
6.092089999999999463e+02 -7.165300000000001091e+03
6.144170000000000300e+02 -7.734100000000001273e+03
6.200940000000000509e+02 -9.154400000000001455e+03
6.260289999999999964e+02 -9.650600000000000364e+03
6.312079999999999700e+02 -7.868400000000000546e+03
6.363060000000000400e+02 -6.113700000000000728e+03
6.413450000000000273e+02 -5.094000000000000909e+03
6.468129999999999882e+02 -4.599900000000000546e+03
6.519270000000000209e+02 -3.885900000000000546e+03
6.575850000000000364e+02 -3.524900000000000546e+03
6.625620000000000118e+02 -2.136900000000000091e+03
6.678329999999999700e+02 -1.449600000000000136e+03
6.730230000000000246e+02 -9.259000000000000909e+02
6.781100000000000136e+02 -8.995400000000000773e+02
6.837069999999999936e+02 -1.690100000000000136e+03
6.890979999999999563e+02 -1.792800000000000182e+03
6.943179999999999836e+02 -1.803200000000000273e+03
6.997300000000000182e+02 -2.409900000000000091e+03
7.050860000000000127e+02 -2.694500000000000455e+03
7.105739999999999554e+02 -3.069200000000000273e+03
7.159059999999999491e+02 -3.218200000000000273e+03
7.213949999999999818e+02 -3.583200000000000273e+03
7.270140000000000100e+02 -3.504900000000000546e+03
7.321069999999999709e+02 -2.482200000000000273e+03
7.375030000000000427e+02 -2.244700000000000273e+03
7.427369999999999663e+02 -2.067700000000000273e+03
7.482939999999999827e+02 -2.545700000000000273e+03
7.538880000000000337e+02 -2.049500000000000455e+03
7.587480000000000473e+02 -1.180000000000000227e+03
7.644389999999999645e+02 -2.138300000000000182e+03
7.701409999999999627e+02 -2.026100000000000136e+03
7.755289999999999964e+02 -8.448000000000000682e+02
7.805879999999999654e+02 4.796900000000000546e+02
7.860670000000000073e+02 5.896300000000001091e+02
7.918490000000000464e+02 9.191100000000001273e+02
7.971920000000000073e+02 2.771700000000000273e+03
8.022140000000000555e+02 4.556600000000000364e+03
8.078899999999999864e+02 5.408200000000000728e+03
8.131330000000000382e+02 7.266400000000000546e+03
8.185499999999999545e+02 9.281400000000001455e+03
8.234959999999999809e+02 1.129500000000000182e+04
8.289349999999999454e+02 1.183500000000000182e+04
8.347949999999999591e+02 1.269600000000000182e+04
8.401340000000000146e+02 1.538200000000000182e+04
8.451449999999999818e+02 1.824500000000000364e+04
8.505330000000000155e+02 2.027100000000000364e+04
8.558579999999999472e+02 2.267900000000000364e+04
8.608869999999999436e+02 2.523500000000000364e+04
8.662000000000000455e+02 2.715400000000000364e+04
8.715950000000000273e+02 2.931600000000000364e+04
8.767219999999999800e+02 3.160800000000000364e+04
8.820059999999999718e+02 3.379500000000000728e+04
8.870259999999999536e+02 3.612200000000000728e+04
8.921259999999999764e+02 3.757800000000000728e+04
8.975270000000000437e+02 3.815000000000000728e+04
9.029729999999999563e+02 3.888500000000000728e+04
9.083419999999999845e+02 3.999500000000000728e+04
9.137999999999999545e+02 4.164200000000000728e+04
9.188229999999999791e+02 4.391400000000000728e+04
9.237060000000000173e+02 4.526200000000000728e+04
9.291910000000000309e+02 4.524200000000000728e+04
9.344940000000000282e+02 4.574200000000000728e+04
9.397219999999999800e+02 4.587000000000000728e+04
9.450399999999999636e+02 4.523000000000000728e+04
9.508890000000000100e+02 4.421000000000000728e+04
9.562619999999999436e+02 4.498400000000000728e+04
9.613650000000000091e+02 4.580700000000000728e+04
9.668220000000000027e+02 4.552200000000000728e+04
9.723039999999999736e+02 4.542000000000000728e+04
9.777169999999999845e+02 4.532200000000000728e+04
9.832430000000000518e+02 4.563800000000000728e+04
9.882100000000000364e+02 4.637700000000000728e+04
9.937799999999999727e+02 4.560000000000000728e+04
9.993189999999999600e+02 4.546800000000000728e+04
1.004480999999999995e+03 4.587700000000000728e+04
1.009975000000000023e+03 4.550800000000000728e+04
1.015312999999999988e+03 4.571400000000000728e+04
1.020368000000000052e+03 4.574900000000000728e+04
1.026214999999999918e+03 4.427300000000000728e+04
1.031461999999999989e+03 4.421000000000000728e+04
1.036898999999999887e+03 4.374400000000000728e+04
1.042390000000000100e+03 4.363800000000000728e+04
1.047297000000000025e+03 4.379300000000000728e+04
1.052979000000000042e+03 4.219900000000000728e+04
1.058154999999999973e+03 4.108600000000000728e+04
1.064036000000000058e+03 3.844700000000000728e+04
1.069651000000000067e+03 3.714900000000000728e+04
1.075394999999999982e+03 3.659000000000000728e+04
1.080662000000000035e+03 3.734300000000000728e+04
1.085819999999999936e+03 3.776000000000000728e+04
1.090990999999999985e+03 3.722100000000000728e+04
1.096579999999999927e+03 3.561300000000000728e+04
1.102357999999999947e+03 3.426600000000000728e+04
1.107290999999999940e+03 3.414300000000000728e+04
1.112946999999999889e+03 3.179600000000000364e+04
1.118691000000000031e+03 2.988100000000000364e+04
1.124340999999999894e+03 2.894500000000000364e+04
1.129559999999999945e+03 2.876900000000000364e+04
1.135150000000000091e+03 2.778200000000000364e+04
1.140455999999999904e+03 2.745200000000000364e+04
1.145743999999999915e+03 2.663400000000000364e+04
1.151220000000000027e+03 2.477800000000000364e+04
1.157150000000000091e+03 2.265100000000000364e+04
1.162778999999999996e+03 2.130400000000000364e+04
1.168409000000000106e+03 2.058400000000000364e+04
1.173664999999999964e+03 2.050000000000000364e+04
1.179367999999999938e+03 1.981000000000000364e+04
1.184349999999999909e+03 1.999900000000000364e+04
1.190075000000000045e+03 1.843300000000000364e+04
1.195509000000000015e+03 1.788200000000000364e+04
1.200768000000000029e+03 1.705300000000000364e+04
1.206353000000000065e+03 1.518000000000000182e+04
1.212047000000000025e+03 1.336800000000000182e+04
1.217807999999999993e+03 1.235500000000000182e+04
1.223005000000000109e+03 1.207800000000000182e+04
1.228488000000000056e+03 1.038000000000000182e+04
1.234296000000000049e+03 8.214400000000001455e+03
1.239943999999999960e+03 6.917900000000000546e+03
1.245492999999999938e+03 6.091200000000000728e+03
1.250875999999999976e+03 5.398300000000000182e+03
1.256519000000000005e+03 4.083400000000000546e+03
1.262028000000000020e+03 2.981700000000000273e+03
1.267682000000000016e+03 1.636000000000000227e+03
1.273393000000000029e+03 3.687300000000000182e+02
1.279278000000000020e+03 -4.720400000000000773e+02
1.284570999999999913e+03 7.791800000000000637e+01
1.289936999999999898e+03 -2.209000000000000341e+02
1.295644999999999982e+03 -1.096500000000000227e+03
1.301032999999999902e+03 -1.499400000000000091e+03
1.306788999999999987e+03 -2.458400000000000091e+03
1.312107999999999947e+03 -2.917500000000000455e+03
1.318048000000000002e+03 -4.558000000000000909e+03
1.323832000000000107e+03 -5.303100000000000364e+03
1.329279999999999973e+03 -5.546900000000000546e+03
1.335117999999999938e+03 -6.392300000000001091e+03
1.340752999999999929e+03 -6.168800000000001091e+03
1.346298000000000002e+03 -5.734100000000000364e+03
1.351770999999999958e+03 -5.646700000000000728e+03
1.357749000000000024e+03 -5.996000000000000909e+03
1.363407999999999902e+03 -5.057100000000000364e+03
1.368990999999999985e+03 -3.763800000000000637e+03
1.374349999999999909e+03 -2.589100000000000364e+03
1.380146999999999935e+03 -2.228300000000000182e+03
1.386000999999999976e+03 -9.170200000000000955e+02
1.391270999999999958e+03 1.412200000000000273e+03
1.396902000000000044e+03 2.959900000000000546e+03
1.402433999999999969e+03 4.493300000000000182e+03
1.408369999999999891e+03 6.415900000000000546e+03
1.413471000000000004e+03 9.559100000000000364e+03
1.418880000000000109e+03 1.138600000000000182e+04
1.424806000000000040e+03 1.284800000000000182e+04
1.430157999999999902e+03 1.513600000000000182e+04
1.436070999999999913e+03 1.702600000000000364e+04
1.441692999999999984e+03 2.017800000000000364e+04
1.447060999999999922e+03 2.340200000000000364e+04
1.452661000000000058e+03 2.624500000000000364e+04
1.458288999999999987e+03 2.947400000000000364e+04
1.463662000000000035e+03 3.295200000000000728e+04
1.469364000000000033e+03 3.644000000000000728e+04
1.474907999999999902e+03 4.060900000000000728e+04
1.480336000000000013e+03 4.498600000000000728e+04
1.485868999999999915e+03 4.973900000000000728e+04
1.490953999999999951e+03 5.453000000000000728e+04
1.496330999999999904e+03 5.829800000000000728e+04
1.502222999999999956e+03 6.277300000000000728e+04
1.506632000000000062e+03 6.741300000000001455e+04
1.513001999999999953e+03 6.972500000000001455e+04
1.518462999999999965e+03 7.490200000000001455e+04
1.523469000000000051e+03 8.027000000000001455e+04
1.528586000000000013e+03 8.480000000000001455e+04
1.533720000000000027e+03 8.842700000000001455e+04
1.539164999999999964e+03 9.067500000000001455e+04
1.545125000000000000e+03 9.292500000000001455e+04
1.550098999999999933e+03 9.609600000000001455e+04
1.556278999999999996e+03 9.825500000000001455e+04
1.561332000000000107e+03 1.018900000000000146e+05
1.567284000000000106e+03 1.047400000000000146e+05
1.572321999999999889e+03 1.084900000000000146e+05
1.577967000000000098e+03 1.105900000000000146e+05
1.583840999999999894e+03 1.132200000000000146e+05
1.589605000000000018e+03 1.173400000000000146e+05
1.594748000000000047e+03 1.221600000000000146e+05
1.600269000000000005e+03 1.262600000000000146e+05
1.605796000000000049e+03 1.305000000000000146e+05
1.611132000000000062e+03 1.351100000000000291e+05
1.616276000000000067e+03 1.392300000000000291e+05
1.622346000000000004e+03 1.435000000000000291e+05
1.627260999999999967e+03 1.493500000000000291e+05
1.632075000000000045e+03 1.531700000000000291e+05
1.638284000000000106e+03 1.554900000000000291e+05
1.643867999999999938e+03 1.607800000000000291e+05
1.648732999999999947e+03 1.667100000000000291e+05
1.653371000000000095e+03 1.708500000000000291e+05
1.658999000000000024e+03 1.723100000000000291e+05
1.665016000000000076e+03 1.741900000000000291e+05
1.670468000000000075e+03 1.780300000000000291e+05
1.675644000000000005e+03 1.819400000000000291e+05
1.680970000000000027e+03 1.849800000000000291e+05
1.686557000000000016e+03 1.877600000000000291e+05
1.691845000000000027e+03 1.912100000000000291e+05
1.696903000000000020e+03 1.939000000000000291e+05
1.702538000000000011e+03 1.952400000000000291e+05
1.708186999999999898e+03 1.970100000000000291e+05
1.713569999999999936e+03 1.988400000000000291e+05
1.719414999999999964e+03 2.003500000000000291e+05
1.724845000000000027e+03 2.028000000000000291e+05
1.730759999999999991e+03 2.056100000000000291e+05
1.735699000000000069e+03 2.095000000000000291e+05
1.740848999999999933e+03 2.121900000000000291e+05
1.746354000000000042e+03 2.140200000000000291e+05
1.751580999999999904e+03 2.156200000000000291e+05
1.757348999999999933e+03 2.160300000000000291e+05
1.763078999999999951e+03 2.172200000000000291e+05
1.768667999999999893e+03 2.193700000000000291e+05
1.773780999999999949e+03 2.221000000000000291e+05
1.778815000000000055e+03 2.234200000000000291e+05
1.784925999999999931e+03 2.225000000000000291e+05
1.790792999999999893e+03 2.235900000000000291e+05
1.795981999999999971e+03 2.260400000000000291e+05
1.801162000000000035e+03 2.276400000000000291e+05
1.806664999999999964e+03 2.276200000000000291e+05
1.812558999999999969e+03 2.273200000000000291e+05
1.817903999999999996e+03 2.280800000000000291e+05
1.823851000000000113e+03 2.281500000000000291e+05
1.829255000000000109e+03 2.292900000000000291e+05
1.834776000000000067e+03 2.298900000000000291e+05
1.840340999999999894e+03 2.305000000000000291e+05
1.846012999999999920e+03 2.314400000000000291e+05
1.851234999999999900e+03 2.326300000000000291e+05
1.856511999999999944e+03 2.324900000000000291e+05
1.862688000000000102e+03 2.310000000000000291e+05
1.868263999999999896e+03 2.314500000000000291e+05
1.873769999999999982e+03 2.316100000000000291e+05
1.879818999999999960e+03 2.316700000000000291e+05
1.885191000000000031e+03 2.336400000000000291e+05
1.890342000000000098e+03 2.351800000000000291e+05
1.895876999999999953e+03 2.351500000000000291e+05
1.901602000000000089e+03 2.349500000000000291e+05
1.907073000000000093e+03 2.354600000000000291e+05
1.912597999999999956e+03 2.354300000000000291e+05
1.918065000000000055e+03 2.350800000000000291e+05
1.923491999999999962e+03 2.341600000000000291e+05
1.929599999999999909e+03 2.320000000000000291e+05
1.935593000000000075e+03 2.310700000000000291e+05
1.941093000000000075e+03 2.318100000000000291e+05
1.946423000000000002e+03 2.321600000000000291e+05
1.952230000000000018e+03 2.314900000000000291e+05
1.957791999999999916e+03 2.314500000000000291e+05
1.963500999999999976e+03 2.310800000000000291e+05
1.969380000000000109e+03 2.313100000000000291e+05
1.974479000000000042e+03 2.323500000000000291e+05
1.980249000000000024e+03 2.315400000000000291e+05
1.985835000000000036e+03 2.310800000000000291e+05
1.991577999999999975e+03 2.307700000000000291e+05
1.997030999999999949e+03 2.303300000000000291e+05
2.003076000000000022e+03 2.291700000000000291e+05
2.008938000000000102e+03 2.297000000000000291e+05
2.014238000000000056e+03 2.311900000000000291e+05
2.019461999999999989e+03 2.320300000000000291e+05
2.024986000000000104e+03 2.311900000000000291e+05
2.031146999999999935e+03 2.299200000000000291e+05
2.036785000000000082e+03 2.307700000000000291e+05
2.041894999999999982e+03 2.320200000000000291e+05
2.047222999999999956e+03 2.318600000000000291e+05
2.053108000000000175e+03 2.299900000000000291e+05
2.058864000000000033e+03 2.290100000000000291e+05
2.064407000000000153e+03 2.284300000000000291e+05
2.070333000000000084e+03 2.274800000000000291e+05
2.075425000000000182e+03 2.275000000000000291e+05
2.081666999999999916e+03 2.255400000000000291e+05
2.086971000000000004e+03 2.253300000000000291e+05
2.092643000000000029e+03 2.241900000000000291e+05
2.098215000000000146e+03 2.227100000000000291e+05
2.104369999999999891e+03 2.213900000000000291e+05
2.109376000000000204e+03 2.215900000000000291e+05
2.115291000000000167e+03 2.196000000000000291e+05
2.120722999999999956e+03 2.181600000000000291e+05
2.126873000000000047e+03 2.149700000000000291e+05
2.132851000000000113e+03 2.135300000000000291e+05
2.138485000000000127e+03 2.136200000000000291e+05
2.143599999999999909e+03 2.135100000000000291e+05
2.149503000000000156e+03 2.109600000000000291e+05
2.155413000000000011e+03 2.092400000000000291e+05
2.158949999999999818e+03 2.085200000000000291e+05
2.171016000000000076e+03 2.057400000000000291e+05
2.182030000000000200e+03 2.047200000000000291e+05
2.186297999999999774e+03 2.048500000000000291e+05
2.197916999999999916e+03 2.033100000000000291e+05
2.203398999999999887e+03 2.033600000000000291e+05
2.211599999999999909e+03 2.027600000000000291e+05
2.215500000000000000e+03 2.026500000000000291e+05
2.225166999999999916e+03 1.997800000000000291e+05
2.237534999999999854e+03 1.962300000000000291e+05
2.247431999999999789e+03 1.943300000000000291e+05
2.255621999999999844e+03 1.931200000000000291e+05
2.263516000000000076e+03 1.916600000000000291e+05
2.275576000000000022e+03 1.891500000000000291e+05
2.283789999999999964e+03 1.885100000000000291e+05
2.289753999999999905e+03 1.880100000000000291e+05
2.300108000000000175e+03 1.863100000000000291e+05
2.305840999999999894e+03 1.858300000000000291e+05
2.314262000000000171e+03 1.840500000000000291e+05
2.322811999999999898e+03 1.819200000000000291e+05
2.333920000000000073e+03 1.787200000000000291e+05
2.344942000000000007e+03 1.761600000000000291e+05
2.354210999999999785e+03 1.744700000000000291e+05
2.365335000000000036e+03 1.729400000000000291e+05
2.371262000000000171e+03 1.728500000000000291e+05
2.378304999999999836e+03 1.720100000000000291e+05
2.386380999999999858e+03 1.705100000000000291e+05
2.395425999999999931e+03 1.684800000000000291e+05
2.404750000000000000e+03 1.662700000000000291e+05
2.415422999999999774e+03 1.637800000000000291e+05
2.423639999999999873e+03 1.621700000000000291e+05
2.434920999999999822e+03 1.597100000000000291e+05
2.443074999999999818e+03 1.584700000000000291e+05
2.452447000000000116e+03 1.568000000000000291e+05
2.461041000000000167e+03 1.553400000000000291e+05
2.471364999999999782e+03 1.533500000000000291e+05
2.481077000000000226e+03 1.519400000000000291e+05
2.490112000000000080e+03 1.510800000000000291e+05
2.497697000000000116e+03 1.505700000000000291e+05
2.505175000000000182e+03 1.499800000000000291e+05
2.511309999999999945e+03 1.492200000000000291e+05
2.522086999999999989e+03 1.465900000000000291e+05
2.531041000000000167e+03 1.448200000000000291e+05
2.540536999999999807e+03 1.427800000000000291e+05
2.550579000000000178e+03 1.405100000000000291e+05
2.563690000000000055e+03 1.383500000000000291e+05
2.569259000000000015e+03 1.383500000000000291e+05
2.577228999999999814e+03 1.372400000000000291e+05
2.587056000000000040e+03 1.354800000000000291e+05
2.596954000000000178e+03 1.339500000000000291e+05
2.606322000000000116e+03 1.330100000000000291e+05
2.613239000000000033e+03 1.325800000000000291e+05
2.620864000000000033e+03 1.315300000000000291e+05
2.630592000000000098e+03 1.297800000000000146e+05
2.638342000000000098e+03 1.285200000000000146e+05
2.649083000000000084e+03 1.261700000000000146e+05
2.659442000000000007e+03 1.244100000000000146e+05
2.667938999999999851e+03 1.233400000000000146e+05
2.676782999999999902e+03 1.223000000000000146e+05
2.683556000000000040e+03 1.214600000000000146e+05
2.693885999999999967e+03 1.191700000000000146e+05
2.704235000000000127e+03 1.172300000000000146e+05
2.713114000000000033e+03 1.158600000000000146e+05
2.723126999999999953e+03 1.141800000000000146e+05
2.732878999999999905e+03 1.128700000000000146e+05
2.740385999999999967e+03 1.120800000000000146e+05
2.750510999999999967e+03 1.103300000000000146e+05
2.761000000000000000e+03 1.088600000000000146e+05
2.770762000000000171e+03 1.081200000000000146e+05
2.777407999999999902e+03 1.079900000000000146e+05
2.786253999999999905e+03 1.070400000000000146e+05
2.795487999999999829e+03 1.061900000000000146e+05
2.802173999999999978e+03 1.057500000000000146e+05
2.811434000000000196e+03 1.042800000000000146e+05
2.820266000000000076e+03 1.028100000000000146e+05
2.831630999999999858e+03 1.007500000000000146e+05
2.840610999999999876e+03 9.982100000000001455e+04
2.849074000000000069e+03 9.900100000000001455e+04
2.857387999999999920e+03 9.798400000000001455e+04
2.868039999999999964e+03 9.646700000000001455e+04
2.875838000000000193e+03 9.579900000000001455e+04
2.884847000000000207e+03 9.458400000000001455e+04
2.894878000000000156e+03 9.323700000000001455e+04
2.903471000000000004e+03 9.232400000000001455e+04
2.912722999999999956e+03 9.115700000000001455e+04
2.922791000000000167e+03 9.006700000000001455e+04
2.930704000000000178e+03 8.956200000000001455e+04
2.939668000000000120e+03 8.868700000000001455e+04
2.948009000000000015e+03 8.792900000000001455e+04
2.956153999999999996e+03 8.697200000000001455e+04
2.966280999999999949e+03 8.546300000000001455e+04
2.974795000000000073e+03 8.440700000000001455e+04
2.984769999999999982e+03 8.289700000000001455e+04
2.994403999999999996e+03 8.160200000000001455e+04
3.004300000000000182e+03 8.045900000000001455e+04
3.012554999999999836e+03 7.972300000000001455e+04
3.022335000000000036e+03 7.854000000000001455e+04
3.032606999999999971e+03 7.757900000000001455e+04
3.040465000000000146e+03 7.721500000000001455e+04
3.049833999999999833e+03 7.644700000000001455e+04
3.058463000000000193e+03 7.596900000000001455e+04
3.066608999999999924e+03 7.549500000000001455e+04
3.075001999999999953e+03 7.472000000000001455e+04
3.084663000000000011e+03 7.360800000000001455e+04
3.094019999999999982e+03 7.271000000000001455e+04
3.102599999999999909e+03 7.208600000000001455e+04
3.110289999999999964e+03 7.141600000000001455e+04
3.119996000000000095e+03 7.001100000000001455e+04
3.129608999999999924e+03 6.861900000000001455e+04
3.140163000000000011e+03 6.720600000000001455e+04
3.148759000000000015e+03 6.636600000000001455e+04
3.159411000000000058e+03 6.502600000000000728e+04
3.169626000000000204e+03 6.424300000000000728e+04
3.178768000000000029e+03 6.405400000000000728e+04
3.185934999999999945e+03 6.411600000000000728e+04
3.194244999999999891e+03 6.359900000000000728e+04
3.203648999999999887e+03 6.272400000000000728e+04
3.213365999999999985e+03 6.194500000000000728e+04
3.222733999999999924e+03 6.149000000000000728e+04
3.230471000000000004e+03 6.127600000000000728e+04
3.239605000000000018e+03 6.069400000000000728e+04
3.246978999999999814e+03 6.027900000000000728e+04
3.256958999999999833e+03 5.896800000000000728e+04
3.267086999999999989e+03 5.781400000000000728e+04
3.277668000000000120e+03 5.701200000000000728e+04
3.285951000000000022e+03 5.691000000000000728e+04
3.293601000000000113e+03 5.668400000000000728e+04
3.302851000000000113e+03 5.592000000000000728e+04
3.311798999999999978e+03 5.524000000000000728e+04
3.320981000000000222e+03 5.450000000000000728e+04
3.329896000000000186e+03 5.381600000000000728e+04
3.338704999999999927e+03 5.301400000000000728e+04
3.349222999999999956e+03 5.187200000000000728e+04
3.358614000000000033e+03 5.126700000000000728e+04
3.367672000000000025e+03 5.081300000000000728e+04
3.376659999999999854e+03 5.039200000000000728e+04
3.385177000000000135e+03 5.000900000000000728e+04
3.394063000000000102e+03 4.946400000000000728e+04
3.403384000000000015e+03 4.880000000000000728e+04
3.412443999999999960e+03 4.822300000000000728e+04
3.421746999999999844e+03 4.765000000000000728e+04
3.429806000000000040e+03 4.716000000000000728e+04
3.440563000000000102e+03 4.613300000000000728e+04
3.449289000000000215e+03 4.576600000000000728e+04
3.458141000000000076e+03 4.535100000000000728e+04
3.466083999999999833e+03 4.483000000000000728e+04
3.476976000000000113e+03 4.364200000000000728e+04
3.486697000000000116e+03 4.312000000000000728e+04
3.495110999999999876e+03 4.284000000000000728e+04
3.504773000000000138e+03 4.237700000000000728e+04
3.512728000000000065e+03 4.216800000000000728e+04
3.522565000000000055e+03 4.152400000000000728e+04
3.530860000000000127e+03 4.118400000000000728e+04
3.540347999999999956e+03 4.046300000000000728e+04
3.550262000000000171e+03 3.975400000000000728e+04
3.559630000000000109e+03 3.931700000000000728e+04
3.569039999999999964e+03 3.899500000000000728e+04
3.577463000000000193e+03 3.887300000000000728e+04
3.586166999999999916e+03 3.855100000000000728e+04
3.595668000000000120e+03 3.809500000000000728e+04
3.604068000000000211e+03 3.776900000000000728e+04
3.614202999999999975e+03 3.716000000000000728e+04
3.622833000000000084e+03 3.694200000000000728e+04
3.631577000000000226e+03 3.659400000000000728e+04
3.640956999999999880e+03 3.610500000000000728e+04
3.649851000000000113e+03 3.564500000000000728e+04
3.659583000000000084e+03 3.501200000000000728e+04
3.669648000000000138e+03 3.464400000000000728e+04
3.677253999999999905e+03 3.463800000000000728e+04
3.686695999999999913e+03 3.406600000000000728e+04
3.696650000000000091e+03 3.353800000000000728e+04
3.706012000000000171e+03 3.330200000000000728e+04
3.715090999999999894e+03 3.321200000000000728e+04
3.723563999999999851e+03 3.323100000000000728e+04
3.731655000000000200e+03 3.308900000000000728e+04
3.740842999999999847e+03 3.256200000000000364e+04
3.750509000000000015e+03 3.200300000000000364e+04
3.759443000000000211e+03 3.155000000000000364e+04
3.769615999999999985e+03 3.097100000000000364e+04
3.778681000000000040e+03 3.076600000000000364e+04
3.787353000000000065e+03 3.057300000000000364e+04
3.796072000000000116e+03 3.019500000000000364e+04
3.806315000000000055e+03 2.951000000000000364e+04
3.816400000000000091e+03 2.921500000000000364e+04
3.825001000000000204e+03 2.935300000000000364e+04
3.833166999999999916e+03 2.941800000000000364e+04
3.841496999999999844e+03 2.917800000000000364e+04
3.851617000000000189e+03 2.856700000000000364e+04
3.861481999999999971e+03 2.833800000000000364e+04
3.869280999999999949e+03 2.834300000000000364e+04
3.879096000000000004e+03 2.791900000000000364e+04
3.887771000000000186e+03 2.776800000000000364e+04
3.896574999999999818e+03 2.744400000000000364e+04
3.905952000000000226e+03 2.691900000000000364e+04
3.915650000000000091e+03 2.634200000000000364e+04
3.925925999999999931e+03 2.589900000000000364e+04
3.934898000000000138e+03 2.591400000000000364e+04
3.943005999999999858e+03 2.589500000000000364e+04
3.952978999999999814e+03 2.553200000000000364e+04
3.961496999999999844e+03 2.540600000000000364e+04
3.971400999999999840e+03 2.508800000000000364e+04
3.980076000000000022e+03 2.506700000000000364e+04
3.988597000000000207e+03 2.490100000000000364e+04
3.998302999999999884e+03 2.449100000000000364e+04
4.007449000000000069e+03 2.426800000000000364e+04
4.016311999999999898e+03 2.405700000000000364e+04
4.025626000000000204e+03 2.373500000000000364e+04
4.034701000000000022e+03 2.334300000000000364e+04
4.045327999999999975e+03 2.290600000000000364e+04
4.053331999999999880e+03 2.300100000000000364e+04
4.062552000000000135e+03 2.269800000000000364e+04
4.071947000000000116e+03 2.238900000000000364e+04
4.081057999999999993e+03 2.214400000000000364e+04
4.090563999999999851e+03 2.188400000000000364e+04
4.099171000000000276e+03 2.169500000000000364e+04
4.108930000000000291e+03 2.126600000000000364e+04
4.118409999999999854e+03 2.098800000000000364e+04
4.127456000000000131e+03 2.079800000000000364e+04
4.136770000000000437e+03 2.057600000000000364e+04
4.145921999999999571e+03 2.036700000000000364e+04
4.155341999999999643e+03 2.008900000000000364e+04
4.164916000000000167e+03 1.994900000000000364e+04
4.172886000000000422e+03 1.990800000000000364e+04
4.183239999999999782e+03 1.938200000000000364e+04
4.192604000000000269e+03 1.930000000000000364e+04
4.200987000000000080e+03 1.922300000000000364e+04
4.211067000000000007e+03 1.886000000000000364e+04
4.219685000000000400e+03 1.880500000000000364e+04
4.229173999999999978e+03 1.857200000000000364e+04
4.237951000000000022e+03 1.837600000000000364e+04
4.248100999999999658e+03 1.800300000000000364e+04
4.256944999999999709e+03 1.794300000000000364e+04
4.266134000000000015e+03 1.773400000000000364e+04
4.275421999999999571e+03 1.748800000000000364e+04
4.285194999999999709e+03 1.728800000000000364e+04
4.293725999999999658e+03 1.721200000000000364e+04
4.303626000000000204e+03 1.690300000000000364e+04
4.312438000000000102e+03 1.680900000000000364e+04
4.321734999999999673e+03 1.650900000000000364e+04
4.332055999999999585e+03 1.622600000000000182e+04
4.340832999999999629e+03 1.634400000000000182e+04
4.349158000000000357e+03 1.630600000000000182e+04
4.359288999999999760e+03 1.593100000000000182e+04
4.368615999999999985e+03 1.587600000000000182e+04
4.377220999999999549e+03 1.580600000000000182e+04
4.387064000000000306e+03 1.552000000000000182e+04
4.396329999999999927e+03 1.547700000000000182e+04
4.404998999999999796e+03 1.544400000000000182e+04
4.414137999999999920e+03 1.513900000000000182e+04
4.424537000000000262e+03 1.477700000000000182e+04
4.433164999999999964e+03 1.479000000000000182e+04
4.442385000000000218e+03 1.456500000000000182e+04
4.452432999999999993e+03 1.429500000000000182e+04
4.461420000000000073e+03 1.428600000000000182e+04
4.470292000000000371e+03 1.421000000000000182e+04
4.479806999999999789e+03 1.396700000000000182e+04
4.489091999999999643e+03 1.372100000000000182e+04
4.499216000000000349e+03 1.348500000000000182e+04
4.507934000000000196e+03 1.355900000000000182e+04
4.517173999999999978e+03 1.341500000000000182e+04
4.526608000000000175e+03 1.324500000000000182e+04
4.536211000000000240e+03 1.316000000000000182e+04
4.544917000000000371e+03 1.315000000000000182e+04
4.554430000000000291e+03 1.293300000000000182e+04
4.564269000000000233e+03 1.279500000000000182e+04
4.572993000000000393e+03 1.285200000000000182e+04
4.581881000000000313e+03 1.273500000000000182e+04
4.591297999999999774e+03 1.241200000000000182e+04
4.601554000000000087e+03 1.211000000000000182e+04
4.610239999999999782e+03 1.209400000000000182e+04
4.619713999999999942e+03 1.181600000000000182e+04
4.629956000000000131e+03 1.163000000000000182e+04
4.638240999999999985e+03 1.171500000000000182e+04
4.648106999999999971e+03 1.147100000000000182e+04
4.657068000000000211e+03 1.143500000000000182e+04
4.666371000000000095e+03 1.122600000000000182e+04
4.675864999999999782e+03 1.093100000000000182e+04
4.686015999999999622e+03 1.070200000000000182e+04
4.694493999999999687e+03 1.069800000000000182e+04
4.704712000000000444e+03 1.032400000000000182e+04
4.714636000000000422e+03 1.025700000000000182e+04
4.722958999999999833e+03 1.036400000000000182e+04
4.733038999999999760e+03 1.019800000000000182e+04
4.741662999999999556e+03 1.022100000000000182e+04
4.751916000000000167e+03 1.001300000000000182e+04
4.760426000000000386e+03 1.008200000000000182e+04
4.770753999999999905e+03 9.917400000000001455e+03
4.778934000000000196e+03 1.004600000000000182e+04
4.788907000000000153e+03 9.796900000000001455e+03
4.798443000000000211e+03 9.715300000000001091e+03
4.807425000000000182e+03 9.713800000000001091e+03
4.816689999999999600e+03 9.527600000000000364e+03
4.827088999999999942e+03 9.306600000000000364e+03
4.835756000000000313e+03 9.427100000000000364e+03
4.845243999999999687e+03 9.303300000000001091e+03
4.854943000000000211e+03 9.215000000000001819e+03
4.864307999999999993e+03 9.277200000000000728e+03
4.872712000000000444e+03 9.330000000000001819e+03
4.882559000000000196e+03 9.028100000000000364e+03
4.892681999999999789e+03 8.869600000000000364e+03
4.901590000000000146e+03 8.954700000000000728e+03
4.910917000000000371e+03 8.897000000000001819e+03
4.919822000000000116e+03 8.790100000000000364e+03
4.930172999999999774e+03 8.508400000000001455e+03
4.939189000000000306e+03 8.549800000000001091e+03
4.948350999999999658e+03 8.424200000000000728e+03
4.958353000000000065e+03 8.170400000000000546e+03
4.967939999999999600e+03 8.112700000000000728e+03
4.976836000000000240e+03 8.087100000000001273e+03
4.986688000000000102e+03 7.874300000000001091e+03
4.996377999999999702e+03 7.808300000000001091e+03
5.005583999999999833e+03 7.837600000000001273e+03
5.014875000000000000e+03 7.779700000000000728e+03
5.024698000000000320e+03 7.669000000000000909e+03
5.034068000000000211e+03 7.720700000000000728e+03
5.042805999999999585e+03 7.731500000000000909e+03
5.052912999999999556e+03 7.504300000000001091e+03
5.062261999999999716e+03 7.468100000000001273e+03
5.071658999999999651e+03 7.419800000000001091e+03
5.081234000000000378e+03 7.299000000000000909e+03
5.091306999999999789e+03 7.277100000000001273e+03
5.099764000000000124e+03 7.473400000000000546e+03
5.108810999999999694e+03 7.381300000000001091e+03
5.118730999999999767e+03 7.101100000000001273e+03
5.128682999999999993e+03 6.922100000000000364e+03
5.138143000000000029e+03 6.924100000000000364e+03
5.147344000000000051e+03 6.895900000000000546e+03
5.157121000000000095e+03 6.794100000000000364e+03
5.166634000000000015e+03 6.812200000000000728e+03
5.175451000000000022e+03 6.867800000000001091e+03
5.185180000000000291e+03 6.664700000000000728e+03
5.194882999999999811e+03 6.536900000000000546e+03
5.204412000000000262e+03 6.440500000000000909e+03
5.213994999999999891e+03 6.397400000000000546e+03
5.223215000000000146e+03 6.350200000000000728e+03
5.233400999999999840e+03 6.273100000000000364e+03
5.241543999999999869e+03 6.378700000000000728e+03
5.252641999999999825e+03 6.058200000000000728e+03
5.260701000000000022e+03 6.222100000000000364e+03
5.271243999999999687e+03 5.869600000000000364e+03
5.281055000000000291e+03 5.857300000000001091e+03
5.290515999999999622e+03 5.973900000000000546e+03
5.299338999999999942e+03 6.157500000000000909e+03
5.308368000000000393e+03 6.121400000000000546e+03
5.317939999999999600e+03 5.884700000000000728e+03
5.328355999999999767e+03 5.601800000000001091e+03
5.337826000000000022e+03 5.674200000000000728e+03
5.346623999999999796e+03 5.714600000000000364e+03
5.356454999999999927e+03 5.488100000000000364e+03
5.366600999999999658e+03 5.331000000000000909e+03
5.375588999999999942e+03 5.374500000000000909e+03
5.385701000000000022e+03 5.283000000000000909e+03
5.394305000000000291e+03 5.362900000000000546e+03
5.404372000000000298e+03 5.134600000000000364e+03
5.413770000000000437e+03 5.041800000000000182e+03
5.423740999999999985e+03 4.910500000000000909e+03
5.433052999999999884e+03 4.918200000000000728e+03
5.442347999999999956e+03 4.851300000000000182e+03
5.452123999999999796e+03 4.659000000000000909e+03
5.461951000000000022e+03 4.466500000000000909e+03
5.471980999999999767e+03 4.351400000000000546e+03
5.481948999999999614e+03 4.436600000000000364e+03
5.490373999999999796e+03 4.715900000000000546e+03
5.499498999999999796e+03 4.612000000000000909e+03
5.509997999999999593e+03 4.267400000000000546e+03
5.519970000000000255e+03 4.278000000000000909e+03
5.528944999999999709e+03 4.438300000000000182e+03
5.538041000000000167e+03 4.443400000000000546e+03
5.547702000000000226e+03 4.225800000000000182e+03
5.558123999999999796e+03 4.027400000000000546e+03
5.567003999999999905e+03 4.120500000000000909e+03
5.576490999999999985e+03 3.911400000000000546e+03
5.587421999999999571e+03 3.664800000000000637e+03
5.596279999999999745e+03 3.822500000000000455e+03
5.606002999999999702e+03 3.774900000000000546e+03
5.615404000000000451e+03 3.780700000000000273e+03
5.625002000000000407e+03 3.707900000000000546e+03
5.634817000000000007e+03 3.614000000000000455e+03
5.644270999999999731e+03 3.579800000000000637e+03
5.654630000000000109e+03 3.502100000000000364e+03
5.663643000000000029e+03 3.675900000000000546e+03
5.672768000000000029e+03 3.673000000000000455e+03
5.683177999999999884e+03 3.494800000000000182e+03
5.692090000000000146e+03 3.550500000000000455e+03
5.702628999999999905e+03 3.375600000000000364e+03
5.712134000000000015e+03 3.547900000000000546e+03
5.720637999999999920e+03 3.700700000000000273e+03
5.730600999999999658e+03 3.477800000000000182e+03
5.740601999999999862e+03 3.325000000000000455e+03
5.750274000000000342e+03 3.252200000000000273e+03
5.760333999999999833e+03 3.211900000000000546e+03
5.769413999999999760e+03 3.302600000000000364e+03
5.779502000000000407e+03 3.219800000000000182e+03
5.788823000000000320e+03 3.308900000000000546e+03
5.798319000000000415e+03 3.299900000000000546e+03
5.808141999999999825e+03 3.248400000000000546e+03
5.817176000000000386e+03 3.271300000000000182e+03
5.827201000000000022e+03 3.040300000000000182e+03
5.837336000000000240e+03 2.855700000000000273e+03
5.847372999999999593e+03 2.878800000000000182e+03
5.856515999999999622e+03 3.031500000000000455e+03
5.865980999999999767e+03 3.017600000000000364e+03
5.875886999999999716e+03 2.996000000000000455e+03
5.884988999999999578e+03 3.026100000000000364e+03
5.895220999999999549e+03 2.853000000000000455e+03
5.904626000000000204e+03 2.861200000000000273e+03
5.914167999999999665e+03 2.776500000000000455e+03
5.924185999999999694e+03 2.579300000000000182e+03
5.934309000000000196e+03 2.487100000000000364e+03
5.943751000000000204e+03 2.530300000000000182e+03
5.953470999999999549e+03 2.489800000000000182e+03
5.963615999999999985e+03 2.469200000000000273e+03
5.972692000000000007e+03 2.604800000000000182e+03
5.982408999999999651e+03 2.550800000000000182e+03
5.992305999999999585e+03 2.449700000000000273e+03
6.002492000000000189e+03 2.450300000000000182e+03
6.011948999999999614e+03 2.670300000000000182e+03
6.020493999999999687e+03 2.816400000000000546e+03
6.030783999999999651e+03 2.520600000000000364e+03
6.041282000000000153e+03 2.460100000000000364e+03
6.050073999999999614e+03 2.626400000000000091e+03
6.059980999999999767e+03 2.501400000000000091e+03
6.070189999999999600e+03 2.463800000000000182e+03
6.079047999999999774e+03 2.551200000000000273e+03
6.089786000000000058e+03 2.393300000000000182e+03
6.098301999999999680e+03 2.487000000000000455e+03
6.109485999999999876e+03 2.262700000000000273e+03
6.118219000000000051e+03 2.473500000000000455e+03
6.128264000000000124e+03 2.397100000000000364e+03
6.137762999999999920e+03 2.421700000000000273e+03
6.147274000000000342e+03 2.356300000000000182e+03
6.157565999999999804e+03 2.221600000000000364e+03
6.167219000000000051e+03 2.287200000000000273e+03
6.176332000000000335e+03 2.312900000000000091e+03
6.186478000000000065e+03 2.078900000000000091e+03
6.196355999999999767e+03 1.978400000000000318e+03
6.206586000000000240e+03 1.910600000000000136e+03
6.215750000000000000e+03 1.964900000000000318e+03
6.226247000000000298e+03 1.849000000000000227e+03
6.234974000000000160e+03 1.922700000000000273e+03
6.245934000000000196e+03 1.692800000000000182e+03
6.255167999999999665e+03 1.856300000000000182e+03
6.264847999999999956e+03 1.870600000000000136e+03
6.274407000000000153e+03 1.821900000000000318e+03
6.284713999999999942e+03 1.667300000000000182e+03
6.294284999999999854e+03 1.640400000000000091e+03
6.304747999999999593e+03 1.657700000000000273e+03
6.313279000000000451e+03 1.854500000000000227e+03
6.323832999999999629e+03 1.650100000000000136e+03
6.333594000000000051e+03 1.681300000000000182e+03
6.343171000000000276e+03 1.694900000000000091e+03
6.353423999999999978e+03 1.646600000000000136e+03
6.362606999999999971e+03 1.762100000000000136e+03
6.372154999999999745e+03 1.694100000000000136e+03
6.382797999999999774e+03 1.531600000000000136e+03
6.392171000000000276e+03 1.621500000000000227e+03
6.402460000000000036e+03 1.621200000000000273e+03
6.411435000000000400e+03 1.767100000000000136e+03
6.421817000000000007e+03 1.683700000000000273e+03
6.430759000000000015e+03 1.780300000000000182e+03
6.440578000000000429e+03 1.548600000000000136e+03
6.451195999999999913e+03 1.244100000000000136e+03
6.461453000000000429e+03 1.226800000000000182e+03
6.470876000000000204e+03 1.367800000000000182e+03
6.480286000000000058e+03 1.384100000000000136e+03
6.490483000000000175e+03 1.252900000000000091e+03
6.500233000000000175e+03 1.206800000000000182e+03
6.510243999999999687e+03 1.092200000000000045e+03
6.520534999999999854e+03 1.052800000000000182e+03
6.529896999999999935e+03 1.206500000000000227e+03
6.539588999999999942e+03 1.241800000000000182e+03
6.549000000000000000e+03 1.177900000000000091e+03
6.559953999999999724e+03 9.275900000000001455e+02
6.569519000000000233e+03 1.050800000000000182e+03
6.579126000000000204e+03 1.085300000000000182e+03
6.589037999999999556e+03 1.014100000000000136e+03
6.599297999999999774e+03 9.507200000000001410e+02
6.608905999999999949e+03 1.043900000000000091e+03
6.618395000000000437e+03 1.011600000000000136e+03
6.629243000000000393e+03 8.543600000000001273e+02
6.638462999999999738e+03 1.001100000000000136e+03
6.648527000000000044e+03 9.731300000000001091e+02
6.658670000000000073e+03 1.036000000000000227e+03
6.668188000000000102e+03 1.199000000000000227e+03
6.677976999999999862e+03 1.318800000000000182e+03
6.687136000000000422e+03 1.408100000000000136e+03
6.697511000000000422e+03 1.280300000000000182e+03
6.707011999999999716e+03 1.330600000000000136e+03
6.716420000000000073e+03 1.209000000000000227e+03
6.727569000000000415e+03 8.660700000000000500e+02
6.737112000000000080e+03 9.175200000000000955e+02
6.747319000000000415e+03 8.632800000000000864e+02
6.756820999999999913e+03 8.974000000000000909e+02
6.767095000000000255e+03 7.759800000000001319e+02
6.777229000000000269e+03 7.726600000000000819e+02
6.787220999999999549e+03 8.862100000000001501e+02
6.796528000000000247e+03 1.086400000000000091e+03
6.805708999999999833e+03 1.062300000000000182e+03
6.816818000000000211e+03 7.469500000000000455e+02
6.826690999999999804e+03 8.081400000000001000e+02
6.836655999999999949e+03 8.530300000000000864e+02
6.846530999999999949e+03 9.409800000000001319e+02
6.856226999999999862e+03 1.049500000000000227e+03
6.866001000000000204e+03 1.145700000000000045e+03
6.874935999999999694e+03 1.169600000000000136e+03
6.886119999999999891e+03 7.713900000000001000e+02
6.896497999999999593e+03 8.126200000000001182e+02
6.905827000000000226e+03 1.022800000000000068e+03
6.915466999999999643e+03 1.055900000000000091e+03
6.925493999999999687e+03 1.004100000000000136e+03
6.935293999999999869e+03 9.508900000000001000e+02
6.945680000000000291e+03 8.535700000000000500e+02
6.955422999999999774e+03 9.113100000000000591e+02
6.965346999999999753e+03 8.769600000000001501e+02
6.975791000000000167e+03 8.844100000000000819e+02
6.985119999999999891e+03 1.095600000000000136e+03
6.994173999999999978e+03 1.107500000000000227e+03
