# Rate coefficients (m3/s)
# C1    H2    Momentum                                            
# C2    H2    Excitation    0.04 eV                               
# C3    H2    Excitation    0.07 eV                               
# C4    H2    Excitation    0.52 eV                               
# C5    H2    Excitation    1.00 eV                               
# C6    H2    Excitation    1.50 eV                               
# C7    H2    Excitation    8.90 eV                               
# C8    H2    Excitation    11.30 eV                              
# C9    H2    Excitation    11.75 eV                              
# C10   H2    Excitation    11.80 eV                              
# C11   H2    Excitation    12.40 eV                              
# C12   H2    Excitation    14.00 eV                              
# C13   H2    Excitation    15.00 eV                              
# C14   H2    Excitation    15.20 eV                              
# C15   H2    Ionization    15.40 eV                              
# C16   H2    Excitation    16.60 eV                              
# C17   He    Momentum                                            
# C18   He    Excitation    19.80 eV                              
# C19   He    Ionization    24.58 eV                              
#           R#    E/N (Td) Energy (eV)      C1          C2          C3          C4          C5          C6          C7          C8          C9         C10         C11         C12         C13         C14         C15         C16         C17         C18         C19    
           1   1.000      0.8786E-01  0.1723E-13  0.1145E-15  0.4592E-16  0.1381E-22   0.000       0.000       0.000       0.000       0.000       0.000       0.000       0.000       0.000       0.000       0.000       0.000      0.9678E-14   0.000       0.000    
           2   11.09      0.6032      0.6839E-13  0.1826E-14  0.1053E-14  0.1735E-15  0.9131E-18  0.1359E-18   0.000       0.000       0.000       0.000       0.000       0.000       0.000       0.000       0.000       0.000      0.2915E-13   0.000       0.000    
           3   21.18      0.9429      0.9168E-13  0.3793E-14  0.2186E-14  0.6967E-15  0.1674E-16  0.2259E-17  0.3871E-21  0.1317E-22  0.9238E-23  0.3899E-23  0.9593E-24  0.2478E-25  0.5633E-28  0.3378E-27  0.4723E-26  0.2439E-28  0.3721E-13   0.000       0.000    
           4   31.27       1.334      0.1089E-12  0.6239E-14  0.3631E-14  0.1438E-14  0.6077E-16  0.7099E-17  0.7137E-18  0.5635E-19  0.4815E-19  0.2459E-19  0.9743E-20  0.5783E-21  0.1034E-22  0.3161E-22  0.2893E-21  0.2965E-23  0.4417E-13  0.8404E-24   0.000    
           5   41.36       1.911      0.1223E-12  0.9140E-14  0.5380E-14  0.2189E-14  0.1245E-15  0.1358E-16  0.1451E-16  0.1724E-17  0.1592E-17  0.8906E-18  0.4665E-18  0.3996E-19  0.1982E-20  0.4652E-20  0.3440E-19  0.4685E-21  0.5147E-13  0.3304E-21  0.8559E-25
           6   51.45       2.562      0.1307E-12  0.1166E-13  0.6914E-14  0.2707E-14  0.1800E-15  0.1897E-16  0.6128E-16  0.9410E-17  0.8938E-17  0.5254E-17  0.3340E-17  0.3454E-18  0.3232E-19  0.6613E-19  0.4293E-18  0.6692E-20  0.5775E-13  0.8142E-20  0.7519E-23
           7   61.55       3.132      0.1350E-12  0.1343E-13  0.8000E-14  0.2990E-14  0.2168E-15  0.2241E-16  0.1377E-15  0.2543E-16  0.2424E-16  0.1469E-16  0.1083E-16  0.1244E-17  0.1811E-18  0.3428E-18  0.2038E-17  0.3394E-19  0.6224E-13  0.5990E-19  0.1448E-21
           8   71.64       3.600      0.1371E-12  0.1464E-13  0.8741E-14  0.3132E-14  0.2396E-15  0.2445E-16  0.2323E-15  0.4953E-16  0.4665E-16  0.2885E-16  0.2400E-16  0.2926E-17  0.5931E-18  0.1073E-17  0.5982E-17  0.1027E-18  0.6535E-13  0.2384E-18  0.1242E-20
           9   81.73       3.992      0.1380E-12  0.1548E-13  0.9263E-14  0.3199E-14  0.2537E-15  0.2565E-16  0.3375E-15  0.8102E-16  0.7475E-16  0.4689E-16  0.4324E-16  0.5448E-17  0.1432E-17  0.2523E-17  0.1339E-16  0.2323E-18  0.6757E-13  0.6674E-18  0.6502E-20
          10   91.82       4.332      0.1384E-12  0.1611E-13  0.9647E-14  0.3225E-14  0.2625E-15  0.2635E-16  0.4490E-15  0.1193E-15  0.1072E-15  0.6797E-16  0.6861E-16  0.8781E-17  0.2855E-17  0.4953E-17  0.2529E-16  0.4381E-18  0.6921E-13  0.1494E-17  0.2440E-19
          11   101.9       4.638      0.1384E-12  0.1659E-13  0.9944E-14  0.3228E-14  0.2680E-15  0.2674E-16  0.5647E-15  0.1641E-15  0.1430E-15  0.9142E-16  0.1000E-15  0.1286E-16  0.5000E-17  0.8602E-17  0.4257E-16  0.7310E-18  0.7049E-13  0.2875E-17  0.7224E-19
          12   112.0       4.922      0.1382E-12  0.1697E-13  0.1018E-13  0.3216E-14  0.2712E-15  0.2692E-16  0.6830E-15  0.2151E-15  0.1813E-15  0.1167E-15  0.1374E-15  0.1762E-16  0.7990E-17  0.1370E-16  0.6602E-16  0.1119E-17  0.7151E-13  0.4964E-17  0.1796E-18
          13   122.1       5.189      0.1379E-12  0.1728E-13  0.1037E-13  0.3194E-14  0.2728E-15  0.2697E-16  0.8029E-15  0.2720E-15  0.2215E-15  0.1434E-15  0.1806E-15  0.2295E-16  0.1192E-16  0.2041E-16  0.9625E-16  0.1607E-17  0.7233E-13  0.7900E-17  0.3903E-18
          14   132.2       5.448      0.1375E-12  0.1754E-13  0.1053E-13  0.3167E-14  0.2733E-15  0.2691E-16  0.9238E-15  0.3348E-15  0.2630E-15  0.1711E-15  0.2295E-15  0.2881E-16  0.1687E-16  0.2893E-16  0.1339E-15  0.2197E-17  0.7302E-13  0.1182E-16  0.7644E-18
          15   142.3       5.699      0.1371E-12  0.1776E-13  0.1067E-13  0.3135E-14  0.2730E-15  0.2679E-16  0.1045E-14  0.4031E-15  0.3053E-15  0.1996E-15  0.2839E-15  0.3508E-16  0.2291E-16  0.3938E-16  0.1792E-15  0.2890E-17  0.7360E-13  0.1682E-16  0.1376E-17
          16   152.4       5.947      0.1366E-12  0.1795E-13  0.1079E-13  0.3100E-14  0.2720E-15  0.2661E-16  0.1166E-14  0.4770E-15  0.3483E-15  0.2285E-15  0.3435E-15  0.4172E-16  0.3008E-16  0.5189E-16  0.2328E-15  0.3687E-17  0.7410E-13  0.2300E-16  0.2315E-17
          17   162.5       6.192      0.1361E-12  0.1812E-13  0.1090E-13  0.3064E-14  0.2705E-15  0.2638E-16  0.1286E-14  0.5561E-15  0.3913E-15  0.2577E-15  0.4082E-15  0.4864E-16  0.3842E-16  0.6652E-16  0.2947E-15  0.4584E-17  0.7451E-13  0.3043E-16  0.3681E-17
          18   172.5       6.437      0.1356E-12  0.1827E-13  0.1099E-13  0.3026E-14  0.2687E-15  0.2613E-16  0.1404E-14  0.6403E-15  0.4343E-15  0.2870E-15  0.4778E-15  0.5579E-16  0.4796E-16  0.8336E-16  0.3652E-15  0.5581E-17  0.7487E-13  0.3918E-16  0.5583E-17
          19   182.6       6.682      0.1350E-12  0.1839E-13  0.1107E-13  0.2986E-14  0.2665E-15  0.2585E-16  0.1522E-14  0.7296E-15  0.4771E-15  0.3163E-15  0.5522E-15  0.6312E-16  0.5871E-16  0.1025E-15  0.4446E-15  0.6678E-17  0.7517E-13  0.4927E-16  0.8140E-17
          20   192.7       6.928      0.1345E-12  0.1851E-13  0.1114E-13  0.2946E-14  0.2640E-15  0.2555E-16  0.1638E-14  0.8238E-15  0.5195E-15  0.3454E-15  0.6312E-15  0.7059E-16  0.7070E-16  0.1239E-15  0.5328E-15  0.7870E-17  0.7543E-13  0.6076E-16  0.1147E-16
          21   202.8       7.174      0.1340E-12  0.1861E-13  0.1120E-13  0.2906E-14  0.2614E-15  0.2523E-16  0.1751E-14  0.9220E-15  0.5610E-15  0.3740E-15  0.7140E-15  0.7809E-16  0.8387E-16  0.1476E-15  0.6296E-15  0.9150E-17  0.7565E-13  0.7359E-16  0.1569E-16
          22   212.9       7.423      0.1335E-12  0.1870E-13  0.1125E-13  0.2866E-14  0.2585E-15  0.2491E-16  0.1862E-14  0.1025E-14  0.6018E-15  0.4024E-15  0.8010E-15  0.8565E-16  0.9825E-16  0.1735E-15  0.7353E-15  0.1052E-16  0.7583E-13  0.8782E-16  0.2093E-16
          23   223.0       7.674      0.1329E-12  0.1877E-13  0.1130E-13  0.2825E-14  0.2556E-15  0.2457E-16  0.1972E-14  0.1132E-14  0.6420E-15  0.4303E-15  0.8920E-15  0.9323E-16  0.1139E-15  0.2018E-15  0.8498E-15  0.1198E-16  0.7598E-13  0.1034E-15  0.2730E-16
          24   233.1       7.927      0.1324E-12  0.1884E-13  0.1135E-13  0.2784E-14  0.2525E-15  0.2422E-16  0.2077E-14  0.1242E-14  0.6809E-15  0.4575E-15  0.9863E-15  0.1007E-15  0.1306E-15  0.2323E-15  0.9728E-15  0.1352E-16  0.7610E-13  0.1204E-15  0.3490E-16
          25   243.2       8.182      0.1319E-12  0.1890E-13  0.1139E-13  0.2744E-14  0.2493E-15  0.2387E-16  0.2181E-14  0.1357E-14  0.7189E-15  0.4842E-15  0.1084E-14  0.1082E-15  0.1486E-15  0.2651E-15  0.1105E-14  0.1514E-16  0.7618E-13  0.1387E-15  0.4391E-16
          26   253.3       8.440      0.1314E-12  0.1896E-13  0.1142E-13  0.2704E-14  0.2460E-15  0.2352E-16  0.2281E-14  0.1475E-14  0.7557E-15  0.5101E-15  0.1185E-14  0.1156E-15  0.1676E-15  0.3000E-15  0.1244E-14  0.1683E-16  0.7625E-13  0.1583E-15  0.5431E-16
          27   263.4       8.703      0.1309E-12  0.1901E-13  0.1145E-13  0.2664E-14  0.2427E-15  0.2316E-16  0.2379E-14  0.1596E-14  0.7916E-15  0.5356E-15  0.1289E-14  0.1229E-15  0.1878E-15  0.3371E-15  0.1393E-14  0.1860E-16  0.7630E-13  0.1791E-15  0.6626E-16
          28   273.5       8.967      0.1304E-12  0.1905E-13  0.1148E-13  0.2624E-14  0.2394E-15  0.2280E-16  0.2473E-14  0.1720E-14  0.8263E-15  0.5602E-15  0.1396E-14  0.1301E-15  0.2090E-15  0.3763E-15  0.1549E-14  0.2044E-16  0.7632E-13  0.2012E-15  0.7982E-16
          29   283.5       9.233      0.1300E-12  0.1908E-13  0.1150E-13  0.2585E-14  0.2360E-15  0.2244E-16  0.2564E-14  0.1847E-14  0.8594E-15  0.5840E-15  0.1505E-14  0.1371E-15  0.2312E-15  0.4173E-15  0.1712E-14  0.2233E-16  0.7632E-13  0.2244E-15  0.9505E-16
          30   293.6       9.505      0.1295E-12  0.1911E-13  0.1152E-13  0.2546E-14  0.2325E-15  0.2208E-16  0.2653E-14  0.1977E-14  0.8921E-15  0.6074E-15  0.1617E-14  0.1440E-15  0.2547E-15  0.4606E-15  0.1884E-14  0.2431E-16  0.7630E-13  0.2488E-15  0.1121E-15
          31   303.7       9.777      0.1291E-12  0.1914E-13  0.1153E-13  0.2508E-14  0.2291E-15  0.2173E-16  0.2737E-14  0.2109E-14  0.9228E-15  0.6295E-15  0.1731E-14  0.1507E-15  0.2788E-15  0.5054E-15  0.2062E-14  0.2633E-16  0.7627E-13  0.2742E-15  0.1309E-15
          32   313.8       10.05      0.1286E-12  0.1916E-13  0.1155E-13  0.2471E-14  0.2258E-15  0.2138E-16  0.2818E-14  0.2243E-14  0.9523E-15  0.6509E-15  0.1846E-14  0.1572E-15  0.3039E-15  0.5521E-15  0.2246E-14  0.2841E-16  0.7623E-13  0.3006E-15  0.1515E-15
          33   323.9       10.33      0.1282E-12  0.1917E-13  0.1156E-13  0.2433E-14  0.2223E-15  0.2102E-16  0.2898E-14  0.2380E-14  0.9813E-15  0.6720E-15  0.1964E-14  0.1636E-15  0.3301E-15  0.6007E-15  0.2439E-14  0.3056E-16  0.7616E-13  0.3281E-15  0.1741E-15
          34   334.0       10.62      0.1278E-12  0.1919E-13  0.1157E-13  0.2397E-14  0.2189E-15  0.2067E-16  0.2973E-14  0.2518E-14  0.1009E-14  0.6920E-15  0.2084E-14  0.1698E-15  0.3571E-15  0.6510E-15  0.2638E-14  0.3275E-16  0.7609E-13  0.3565E-15  0.1987E-15
          35   344.1       10.90      0.1274E-12  0.1919E-13  0.1157E-13  0.2362E-14  0.2156E-15  0.2033E-16  0.3044E-14  0.2657E-14  0.1034E-14  0.7108E-15  0.2204E-14  0.1757E-15  0.3847E-15  0.7023E-15  0.2841E-14  0.3497E-16  0.7600E-13  0.3855E-15  0.2250E-15
          36   354.2       11.19      0.1270E-12  0.1920E-13  0.1158E-13  0.2326E-14  0.2122E-15  0.1998E-16  0.3113E-14  0.2798E-14  0.1059E-14  0.7293E-15  0.2326E-14  0.1816E-15  0.4132E-15  0.7555E-15  0.3051E-14  0.3725E-16  0.7590E-13  0.4155E-15  0.2534E-15
          37   364.3       11.48      0.1266E-12  0.1920E-13  0.1158E-13  0.2291E-14  0.2088E-15  0.1964E-16  0.3180E-14  0.2942E-14  0.1083E-14  0.7471E-15  0.2451E-14  0.1872E-15  0.4427E-15  0.8105E-15  0.3269E-14  0.3960E-16  0.7579E-13  0.4465E-15  0.2839E-15
          38   374.4       11.77      0.1263E-12  0.1920E-13  0.1158E-13  0.2257E-14  0.2055E-15  0.1931E-16  0.3242E-14  0.3084E-14  0.1106E-14  0.7637E-15  0.2574E-14  0.1926E-15  0.4725E-15  0.8660E-15  0.3488E-14  0.4195E-16  0.7567E-13  0.4778E-15  0.3161E-15
          39   384.5       12.07      0.1259E-12  0.1920E-13  0.1158E-13  0.2224E-14  0.2023E-15  0.1898E-16  0.3301E-14  0.3229E-14  0.1127E-14  0.7797E-15  0.2700E-14  0.1978E-15  0.5031E-15  0.9232E-15  0.3714E-14  0.4435E-16  0.7554E-13  0.5099E-15  0.3505E-15
          40   394.5       12.37      0.1256E-12  0.1919E-13  0.1157E-13  0.2192E-14  0.1990E-15  0.1866E-16  0.3357E-14  0.3375E-14  0.1147E-14  0.7949E-15  0.2826E-14  0.2028E-15  0.5345E-15  0.9817E-15  0.3946E-14  0.4679E-16  0.7540E-13  0.5428E-15  0.3868E-15
          41   404.6       12.67      0.1253E-12  0.1918E-13  0.1157E-13  0.2159E-14  0.1958E-15  0.1833E-16  0.3412E-14  0.3520E-14  0.1166E-14  0.8095E-15  0.2953E-14  0.2076E-15  0.5663E-15  0.1041E-14  0.4180E-14  0.4925E-16  0.7526E-13  0.5760E-15  0.4249E-15
          42   414.7       12.98      0.1250E-12  0.1917E-13  0.1156E-13  0.2128E-14  0.1927E-15  0.1802E-16  0.3462E-14  0.3666E-14  0.1184E-14  0.8231E-15  0.3080E-14  0.2122E-15  0.5986E-15  0.1101E-14  0.4419E-14  0.5174E-16  0.7511E-13  0.6098E-15  0.4650E-15
          43   424.8       13.29      0.1247E-12  0.1916E-13  0.1156E-13  0.2097E-14  0.1895E-15  0.1771E-16  0.3510E-14  0.3814E-14  0.1202E-14  0.8363E-15  0.3209E-14  0.2166E-15  0.6317E-15  0.1163E-14  0.4664E-14  0.5428E-16  0.7495E-13  0.6443E-15  0.5072E-15
          44   434.9       13.60      0.1244E-12  0.1915E-13  0.1155E-13  0.2067E-14  0.1865E-15  0.1741E-16  0.3555E-14  0.3961E-14  0.1217E-14  0.8486E-15  0.3336E-14  0.2208E-15  0.6650E-15  0.1225E-14  0.4910E-14  0.5682E-16  0.7478E-13  0.6790E-15  0.5510E-15
          45   445.0       13.91      0.1241E-12  0.1913E-13  0.1154E-13  0.2038E-14  0.1835E-15  0.1711E-16  0.3597E-14  0.4107E-14  0.1232E-14  0.8602E-15  0.3464E-14  0.2248E-15  0.6987E-15  0.1288E-14  0.5159E-14  0.5938E-16  0.7461E-13  0.7140E-15  0.5967E-15
          46   455.1       14.23      0.1239E-12  0.1911E-13  0.1153E-13  0.2009E-14  0.1805E-15  0.1681E-16  0.3638E-14  0.4256E-14  0.1247E-14  0.8713E-15  0.3593E-14  0.2287E-15  0.7331E-15  0.1352E-14  0.5413E-14  0.6198E-16  0.7444E-13  0.7497E-15  0.6443E-15
          47   465.2       14.55      0.1236E-12  0.1909E-13  0.1152E-13  0.1981E-14  0.1776E-15  0.1653E-16  0.3675E-14  0.4403E-14  0.1260E-14  0.8816E-15  0.3722E-14  0.2323E-15  0.7678E-15  0.1417E-14  0.5670E-14  0.6460E-16  0.7426E-13  0.7856E-15  0.6938E-15
          48   475.3       14.87      0.1234E-12  0.1907E-13  0.1151E-13  0.1953E-14  0.1747E-15  0.1625E-16  0.3710E-14  0.4550E-14  0.1272E-14  0.8912E-15  0.3850E-14  0.2358E-15  0.8026E-15  0.1482E-14  0.5929E-14  0.6722E-16  0.7408E-13  0.8216E-15  0.7448E-15
          49   485.4       15.19      0.1232E-12  0.1905E-13  0.1149E-13  0.1926E-14  0.1719E-15  0.1597E-16  0.3742E-14  0.4696E-14  0.1284E-14  0.9003E-15  0.3978E-14  0.2391E-15  0.8379E-15  0.1547E-14  0.6189E-14  0.6985E-16  0.7389E-13  0.8579E-15  0.7974E-15
          50   495.5       15.52      0.1230E-12  0.1903E-13  0.1148E-13  0.1900E-14  0.1691E-15  0.1569E-16  0.3774E-14  0.4844E-14  0.1294E-14  0.9090E-15  0.4108E-14  0.2422E-15  0.8737E-15  0.1614E-14  0.6455E-14  0.7252E-16  0.7370E-13  0.8947E-15  0.8520E-15
          51   505.5       15.85      0.1228E-12  0.1900E-13  0.1146E-13  0.1873E-14  0.1663E-15  0.1542E-16  0.3803E-14  0.4992E-14  0.1305E-14  0.9172E-15  0.4237E-14  0.2453E-15  0.9099E-15  0.1681E-14  0.6723E-14  0.7522E-16  0.7351E-13  0.9319E-15  0.9084E-15
          52   515.6       16.18      0.1226E-12  0.1898E-13  0.1145E-13  0.1849E-14  0.1636E-15  0.1517E-16  0.3828E-14  0.5136E-14  0.1313E-14  0.9244E-15  0.4364E-14  0.2480E-15  0.9458E-15  0.1748E-14  0.6989E-14  0.7788E-16  0.7331E-13  0.9686E-15  0.9658E-15
          53   525.7       16.51      0.1224E-12  0.1895E-13  0.1143E-13  0.1824E-14  0.1610E-15  0.1491E-16  0.3851E-14  0.5281E-14  0.1321E-14  0.9311E-15  0.4491E-14  0.2506E-15  0.9821E-15  0.1815E-14  0.7258E-14  0.8055E-16  0.7312E-13  0.1006E-14  0.1025E-14
          54   535.8       16.85      0.1222E-12  0.1892E-13  0.1142E-13  0.1800E-14  0.1585E-15  0.1466E-16  0.3873E-14  0.5425E-14  0.1329E-14  0.9373E-15  0.4618E-14  0.2531E-15  0.1019E-14  0.1883E-14  0.7529E-14  0.8324E-16  0.7292E-13  0.1043E-14  0.1086E-14
          55   545.9       17.19      0.1220E-12  0.1889E-13  0.1140E-13  0.1776E-14  0.1559E-15  0.1442E-16  0.3893E-14  0.5569E-14  0.1336E-14  0.9431E-15  0.4744E-14  0.2554E-15  0.1055E-14  0.1951E-14  0.7801E-14  0.8594E-16  0.7272E-13  0.1080E-14  0.1148E-14
          56   556.0       17.53      0.1219E-12  0.1886E-13  0.1138E-13  0.1753E-14  0.1534E-15  0.1417E-16  0.3912E-14  0.5713E-14  0.1342E-14  0.9487E-15  0.4872E-14  0.2577E-15  0.1092E-14  0.2019E-14  0.8076E-14  0.8866E-16  0.7251E-13  0.1118E-14  0.1212E-14
          57   566.1       17.88      0.1217E-12  0.1883E-13  0.1137E-13  0.1730E-14  0.1509E-15  0.1393E-16  0.3930E-14  0.5857E-14  0.1348E-14  0.9538E-15  0.4999E-14  0.2598E-15  0.1130E-14  0.2088E-14  0.8353E-14  0.9139E-16  0.7231E-13  0.1156E-14  0.1277E-14
          58   576.2       18.23      0.1216E-12  0.1881E-13  0.1135E-13  0.1708E-14  0.1485E-15  0.1370E-16  0.3946E-14  0.6001E-14  0.1354E-14  0.9585E-15  0.5126E-14  0.2618E-15  0.1167E-14  0.2158E-14  0.8632E-14  0.9413E-16  0.7211E-13  0.1194E-14  0.1344E-14
          59   586.3       18.57      0.1215E-12  0.1878E-13  0.1133E-13  0.1687E-14  0.1462E-15  0.1348E-16  0.3958E-14  0.6140E-14  0.1358E-14  0.9624E-15  0.5249E-14  0.2635E-15  0.1204E-14  0.2226E-14  0.8905E-14  0.9681E-16  0.7191E-13  0.1231E-14  0.1411E-14
          60   596.4       18.92      0.1214E-12  0.1874E-13  0.1131E-13  0.1666E-14  0.1439E-15  0.1326E-16  0.3969E-14  0.6280E-14  0.1362E-14  0.9658E-15  0.5372E-14  0.2651E-15  0.1242E-14  0.2294E-14  0.9182E-14  0.9951E-16  0.7171E-13  0.1268E-14  0.1479E-14
          61   606.5       19.28      0.1212E-12  0.1871E-13  0.1129E-13  0.1645E-14  0.1417E-15  0.1305E-16  0.3979E-14  0.6419E-14  0.1365E-14  0.9690E-15  0.5496E-14  0.2667E-15  0.1279E-14  0.2364E-14  0.9461E-14  0.1022E-15  0.7150E-13  0.1306E-14  0.1550E-14
          62   616.5       19.63      0.1211E-12  0.1868E-13  0.1127E-13  0.1625E-14  0.1394E-15  0.1283E-16  0.3988E-14  0.6559E-14  0.1368E-14  0.9718E-15  0.5620E-14  0.2681E-15  0.1317E-14  0.2433E-14  0.9742E-14  0.1050E-15  0.7129E-13  0.1344E-14  0.1621E-14
          63   626.6       19.99      0.1210E-12  0.1865E-13  0.1125E-13  0.1605E-14  0.1372E-15  0.1262E-16  0.3996E-14  0.6697E-14  0.1370E-14  0.9743E-15  0.5742E-14  0.2694E-15  0.1355E-14  0.2502E-14  0.1002E-13  0.1077E-15  0.7108E-13  0.1382E-14  0.1694E-14
          64   636.7       20.35      0.1209E-12  0.1861E-13  0.1123E-13  0.1586E-14  0.1351E-15  0.1242E-16  0.4002E-14  0.6833E-14  0.1372E-14  0.9765E-15  0.5864E-14  0.2706E-15  0.1392E-14  0.2571E-14  0.1030E-13  0.1104E-15  0.7087E-13  0.1419E-14  0.1767E-14
          65   646.8       20.72      0.1208E-12  0.1858E-13  0.1121E-13  0.1567E-14  0.1329E-15  0.1221E-16  0.4008E-14  0.6970E-14  0.1374E-14  0.9786E-15  0.5985E-14  0.2718E-15  0.1430E-14  0.2640E-14  0.1058E-13  0.1131E-15  0.7066E-13  0.1457E-14  0.1842E-14
          66   656.9       21.08      0.1207E-12  0.1854E-13  0.1119E-13  0.1548E-14  0.1309E-15  0.1201E-16  0.4012E-14  0.7106E-14  0.1376E-14  0.9802E-15  0.6106E-14  0.2728E-15  0.1468E-14  0.2709E-14  0.1086E-13  0.1158E-15  0.7046E-13  0.1494E-14  0.1917E-14
          67   667.0       21.45      0.1207E-12  0.1851E-13  0.1117E-13  0.1530E-14  0.1289E-15  0.1182E-16  0.4014E-14  0.7239E-14  0.1376E-14  0.9812E-15  0.6225E-14  0.2737E-15  0.1505E-14  0.2778E-14  0.1114E-13  0.1185E-15  0.7025E-13  0.1531E-14  0.1994E-14
          68   677.1       21.82      0.1206E-12  0.1847E-13  0.1115E-13  0.1513E-14  0.1269E-15  0.1164E-16  0.4014E-14  0.7371E-14  0.1376E-14  0.9817E-15  0.6344E-14  0.2744E-15  0.1543E-14  0.2846E-14  0.1142E-13  0.1212E-15  0.7004E-13  0.1569E-14  0.2072E-14
          69   687.2       22.19      0.1205E-12  0.1844E-13  0.1113E-13  0.1496E-14  0.1250E-15  0.1146E-16  0.4014E-14  0.7501E-14  0.1375E-14  0.9821E-15  0.6460E-14  0.2751E-15  0.1580E-14  0.2914E-14  0.1169E-13  0.1238E-15  0.6984E-13  0.1605E-14  0.2149E-14
          70   697.3       22.56      0.1205E-12  0.1840E-13  0.1111E-13  0.1479E-14  0.1231E-15  0.1128E-16  0.4013E-14  0.7631E-14  0.1375E-14  0.9824E-15  0.6576E-14  0.2757E-15  0.1617E-14  0.2982E-14  0.1197E-13  0.1265E-15  0.6963E-13  0.1642E-14  0.2228E-14
          71   707.4       22.94      0.1204E-12  0.1837E-13  0.1109E-13  0.1462E-14  0.1213E-15  0.1110E-16  0.4011E-14  0.7761E-14  0.1374E-14  0.9825E-15  0.6693E-14  0.2762E-15  0.1655E-14  0.3050E-14  0.1225E-13  0.1291E-15  0.6943E-13  0.1679E-14  0.2308E-14
          72   717.5       23.32      0.1204E-12  0.1833E-13  0.1107E-13  0.1446E-14  0.1194E-15  0.1093E-16  0.4009E-14  0.7890E-14  0.1373E-14  0.9824E-15  0.6809E-14  0.2767E-15  0.1692E-14  0.3118E-14  0.1253E-13  0.1318E-15  0.6923E-13  0.1716E-14  0.2389E-14
          73   727.5       23.70      0.1203E-12  0.1829E-13  0.1104E-13  0.1430E-14  0.1176E-15  0.1075E-16  0.4006E-14  0.8018E-14  0.1372E-14  0.9821E-15  0.6924E-14  0.2772E-15  0.1730E-14  0.3186E-14  0.1281E-13  0.1345E-15  0.6902E-13  0.1753E-14  0.2471E-14
          74   737.6       24.09      0.1203E-12  0.1826E-13  0.1102E-13  0.1414E-14  0.1158E-15  0.1058E-16  0.4002E-14  0.8147E-14  0.1371E-14  0.9817E-15  0.7040E-14  0.2775E-15  0.1767E-14  0.3254E-14  0.1309E-13  0.1371E-15  0.6881E-13  0.1790E-14  0.2554E-14
          75   747.7       24.48      0.1202E-12  0.1822E-13  0.1100E-13  0.1399E-14  0.1140E-15  0.1042E-16  0.3997E-14  0.8273E-14  0.1369E-14  0.9808E-15  0.7154E-14  0.2778E-15  0.1805E-14  0.3322E-14  0.1337E-13  0.1398E-15  0.6861E-13  0.1826E-14  0.2637E-14
          76   757.8       24.86      0.1202E-12  0.1819E-13  0.1098E-13  0.1385E-14  0.1125E-15  0.1028E-16  0.3988E-14  0.8391E-14  0.1366E-14  0.9789E-15  0.7260E-14  0.2777E-15  0.1840E-14  0.3386E-14  0.1363E-13  0.1423E-15  0.6842E-13  0.1861E-14  0.2719E-14
          77   767.9       25.25      0.1202E-12  0.1815E-13  0.1096E-13  0.1370E-14  0.1108E-15  0.1012E-16  0.3982E-14  0.8515E-14  0.1363E-14  0.9778E-15  0.7373E-14  0.2779E-15  0.1878E-14  0.3453E-14  0.1391E-13  0.1449E-15  0.6822E-13  0.1897E-14  0.2804E-14
          78   778.0       25.65      0.1202E-12  0.1811E-13  0.1094E-13  0.1356E-14  0.1092E-15  0.9960E-17  0.3975E-14  0.8639E-14  0.1361E-14  0.9764E-15  0.7485E-14  0.2780E-15  0.1915E-14  0.3520E-14  0.1418E-13  0.1475E-15  0.6802E-13  0.1934E-14  0.2890E-14
          79   788.1       26.05      0.1202E-12  0.1808E-13  0.1091E-13  0.1342E-14  0.1075E-15  0.9809E-17  0.3967E-14  0.8761E-14  0.1358E-14  0.9748E-15  0.7595E-14  0.2779E-15  0.1952E-14  0.3586E-14  0.1446E-13  0.1501E-15  0.6782E-13  0.1970E-14  0.2976E-14
          80   798.2       26.44      0.1201E-12  0.1804E-13  0.1089E-13  0.1328E-14  0.1060E-15  0.9663E-17  0.3959E-14  0.8880E-14  0.1355E-14  0.9730E-15  0.7703E-14  0.2779E-15  0.1988E-14  0.3651E-14  0.1473E-13  0.1526E-15  0.6763E-13  0.2005E-14  0.3061E-14
          81   808.3       26.84      0.1201E-12  0.1800E-13  0.1087E-13  0.1315E-14  0.1044E-15  0.9518E-17  0.3950E-14  0.8998E-14  0.1352E-14  0.9711E-15  0.7810E-14  0.2777E-15  0.2024E-14  0.3716E-14  0.1500E-13  0.1552E-15  0.6744E-13  0.2040E-14  0.3147E-14
          82   818.4       27.24      0.1201E-12  0.1797E-13  0.1085E-13  0.1302E-14  0.1030E-15  0.9379E-17  0.3939E-14  0.9116E-14  0.1348E-14  0.9687E-15  0.7917E-14  0.2775E-15  0.2061E-14  0.3781E-14  0.1527E-13  0.1577E-15  0.6724E-13  0.2075E-14  0.3234E-14
          83   828.5       27.65      0.1201E-12  0.1793E-13  0.1083E-13  0.1290E-14  0.1015E-15  0.9242E-17  0.3928E-14  0.9233E-14  0.1344E-14  0.9662E-15  0.8024E-14  0.2772E-15  0.2097E-14  0.3846E-14  0.1554E-13  0.1602E-15  0.6705E-13  0.2111E-14  0.3322E-14
          84   838.5       28.06      0.1201E-12  0.1789E-13  0.1080E-13  0.1277E-14  0.1001E-15  0.9108E-17  0.3916E-14  0.9348E-14  0.1340E-14  0.9637E-15  0.8129E-14  0.2769E-15  0.2133E-14  0.3910E-14  0.1581E-13  0.1628E-15  0.6686E-13  0.2146E-14  0.3410E-14
          85   848.6       28.47      0.1201E-12  0.1786E-13  0.1078E-13  0.1265E-14  0.9866E-16  0.8977E-17  0.3905E-14  0.9462E-14  0.1336E-14  0.9610E-15  0.8233E-14  0.2765E-15  0.2169E-14  0.3974E-14  0.1607E-13  0.1653E-15  0.6667E-13  0.2180E-14  0.3498E-14
          86   858.7       28.88      0.1201E-12  0.1782E-13  0.1076E-13  0.1253E-14  0.9729E-16  0.8848E-17  0.3892E-14  0.9575E-14  0.1331E-14  0.9582E-15  0.8336E-14  0.2761E-15  0.2204E-14  0.4037E-14  0.1634E-13  0.1677E-15  0.6649E-13  0.2214E-14  0.3586E-14
          87   868.8       29.29      0.1202E-12  0.1778E-13  0.1074E-13  0.1242E-14  0.9594E-16  0.8722E-17  0.3880E-14  0.9686E-14  0.1327E-14  0.9554E-15  0.8437E-14  0.2757E-15  0.2239E-14  0.4099E-14  0.1660E-13  0.1702E-15  0.6630E-13  0.2248E-14  0.3675E-14
          88   878.9       29.70      0.1202E-12  0.1775E-13  0.1072E-13  0.1230E-14  0.9460E-16  0.8598E-17  0.3867E-14  0.9796E-14  0.1322E-14  0.9525E-15  0.8539E-14  0.2752E-15  0.2274E-14  0.4162E-14  0.1686E-13  0.1726E-15  0.6612E-13  0.2282E-14  0.3763E-14
          89   889.0       30.12      0.1202E-12  0.1771E-13  0.1070E-13  0.1219E-14  0.9328E-16  0.8475E-17  0.3854E-14  0.9907E-14  0.1318E-14  0.9494E-15  0.8640E-14  0.2747E-15  0.2310E-14  0.4224E-14  0.1712E-13  0.1750E-15  0.6594E-13  0.2316E-14  0.3853E-14
          90   899.1       30.54      0.1202E-12  0.1767E-13  0.1067E-13  0.1208E-14  0.9197E-16  0.8352E-17  0.3840E-14  0.1002E-13  0.1313E-14  0.9463E-15  0.8741E-14  0.2742E-15  0.2345E-14  0.4286E-14  0.1739E-13  0.1775E-15  0.6575E-13  0.2350E-14  0.3943E-14
          91   909.2       30.97      0.1202E-12  0.1764E-13  0.1065E-13  0.1197E-14  0.9068E-16  0.8233E-17  0.3826E-14  0.1013E-13  0.1308E-14  0.9431E-15  0.8841E-14  0.2736E-15  0.2380E-14  0.4348E-14  0.1765E-13  0.1799E-15  0.6557E-13  0.2384E-14  0.4034E-14
          92   919.3       31.40      0.1202E-12  0.1760E-13  0.1063E-13  0.1186E-14  0.8942E-16  0.8115E-17  0.3812E-14  0.1023E-13  0.1303E-14  0.9397E-15  0.8941E-14  0.2730E-15  0.2415E-14  0.4410E-14  0.1791E-13  0.1823E-15  0.6539E-13  0.2418E-14  0.4125E-14
          93   929.4       31.83      0.1203E-12  0.1756E-13  0.1061E-13  0.1176E-14  0.8820E-16  0.8002E-17  0.3797E-14  0.1034E-13  0.1298E-14  0.9362E-15  0.9039E-14  0.2724E-15  0.2449E-14  0.4471E-14  0.1817E-13  0.1847E-15  0.6521E-13  0.2451E-14  0.4216E-14
          94   939.5       32.26      0.1203E-12  0.1753E-13  0.1059E-13  0.1166E-14  0.8698E-16  0.7889E-17  0.3782E-14  0.1045E-13  0.1293E-14  0.9326E-15  0.9136E-14  0.2717E-15  0.2484E-14  0.4532E-14  0.1843E-13  0.1871E-15  0.6504E-13  0.2484E-14  0.4307E-14
          95   949.5       32.70      0.1203E-12  0.1749E-13  0.1056E-13  0.1155E-14  0.8578E-16  0.7777E-17  0.3767E-14  0.1055E-13  0.1287E-14  0.9290E-15  0.9234E-14  0.2710E-15  0.2519E-14  0.4592E-14  0.1868E-13  0.1894E-15  0.6486E-13  0.2518E-14  0.4399E-14
          96   959.6       33.14      0.1203E-12  0.1746E-13  0.1054E-13  0.1145E-14  0.8461E-16  0.7668E-17  0.3752E-14  0.1066E-13  0.1282E-14  0.9253E-15  0.9330E-14  0.2702E-15  0.2553E-14  0.4652E-14  0.1894E-13  0.1918E-15  0.6468E-13  0.2550E-14  0.4491E-14
          97   969.7       33.58      0.1204E-12  0.1742E-13  0.1052E-13  0.1136E-14  0.8345E-16  0.7560E-17  0.3736E-14  0.1076E-13  0.1277E-14  0.9216E-15  0.9425E-14  0.2695E-15  0.2587E-14  0.4712E-14  0.1919E-13  0.1941E-15  0.6451E-13  0.2583E-14  0.4583E-14
          98   979.8       34.02      0.1204E-12  0.1738E-13  0.1050E-13  0.1126E-14  0.8232E-16  0.7455E-17  0.3721E-14  0.1086E-13  0.1271E-14  0.9179E-15  0.9519E-14  0.2687E-15  0.2620E-14  0.4771E-14  0.1944E-13  0.1964E-15  0.6434E-13  0.2615E-14  0.4675E-14
          99   989.9       34.46      0.1205E-12  0.1735E-13  0.1048E-13  0.1117E-14  0.8123E-16  0.7354E-17  0.3704E-14  0.1096E-13  0.1266E-14  0.9140E-15  0.9612E-14  0.2679E-15  0.2654E-14  0.4829E-14  0.1969E-13  0.1987E-15  0.6417E-13  0.2647E-14  0.4767E-14
         100   1000.       34.91      0.1205E-12  0.1731E-13  0.1046E-13  0.1109E-14  0.8018E-16  0.7258E-17  0.3687E-14  0.1106E-13  0.1260E-14  0.9099E-15  0.9703E-14  0.2670E-15  0.2687E-14  0.4886E-14  0.1994E-13  0.2010E-15  0.6401E-13  0.2679E-14  0.4859E-14


